0.000000  
0.000000  
-0.000001  
-0.000006  
-0.000021  
-0.000048  
-0.000092  
-0.000153  
-0.000234  
-0.000335  
-0.000456  
-0.000599  
-0.000761  
-0.000942  
-0.001141  
-0.001357  
-0.001586  
-0.001828  
-0.002081  
-0.002342  
-0.002609  
-0.002880  
-0.003152  
-0.003425  
-0.003696  
-0.003962  
-0.004224  
-0.004478  
-0.004725  
-0.004962  
-0.005190  
-0.005407  
-0.005614  
-0.005810  
-0.005995  
-0.006170  
-0.006336  
-0.006492  
-0.006640  
-0.006780  
-0.006914  
-0.007042  
-0.007166  
-0.007286  
-0.007404  
-0.007520  
-0.007637  
-0.007753  
-0.007872  
-0.007992  
-0.008116  
-0.008243  
-0.008374  
-0.008509  
-0.008649  
-0.008794  
-0.008945  
-0.009100  
-0.009261  
-0.009428  
-0.009599  
-0.009776  
-0.009957  
-0.010143  
-0.010334  
-0.010528  
-0.010726  
-0.010927  
-0.011132  
-0.011339  
-0.011548  
-0.011760  
-0.011973  
-0.012187  
-0.012403  
-0.012619  
-0.012836  
-0.013052  
-0.013269  
-0.013486  
-0.013702  
-0.013918  
-0.014133  
-0.014347  
-0.014560  
-0.014773  
-0.014984  
-0.015194  
-0.015402  
-0.015610  
-0.015816  
-0.016021  
-0.016224  
-0.016427  
-0.016628  
-0.016828  
-0.017027  
-0.017226  
-0.017423  
-0.017619  
-0.017815  
-0.018010  
-0.018204  
-0.018397  
-0.018590  
-0.018782  
-0.018974  
-0.019165  
-0.019356  
-0.019546  
-0.019735  
-0.019924  
-0.020113  
-0.020301  
-0.020488  
-0.020675  
-0.020861  
-0.021047  
-0.021231  
-0.021415  
-0.021598  
-0.021780  
-0.021961  
-0.022141  
-0.022320  
-0.022498  
-0.022674  
-0.022850  
-0.023024  
-0.023196  
-0.023367  
-0.023536  
-0.023704  
-0.023870  
-0.024033  
-0.024196  
-0.024356  
-0.024514  
-0.024669  
-0.024823  
-0.024975  
-0.025124  
-0.025270  
-0.025415  
-0.025556  
-0.025696  
-0.025832  
-0.025966  
-0.026097  
-0.026226  
-0.026351  
-0.026474  
-0.026594  
-0.026711  
-0.026825  
-0.026936  
-0.027044  
-0.027149  
-0.027250  
-0.027349  
-0.027444  
-0.027537  
-0.027626  
-0.027711  
-0.027793  
-0.027872  
-0.027947  
-0.028019  
-0.028087  
-0.028151  
-0.028212  
-0.028269  
-0.028322  
-0.028371  
-0.028416  
-0.028457  
-0.028493  
-0.028526  
-0.028554  
-0.028578  
-0.028598  
-0.028613  
-0.028624  
-0.028630  
-0.028631  
-0.028627  
-0.028619  
-0.028605  
-0.028587  
-0.028563  
-0.028534  
-0.028499  
-0.028459  
-0.028414  
-0.028363  
-0.028305  
-0.028242  
-0.028173  
-0.028098  
-0.028016  
-0.027928  
-0.027834  
-0.027733  
-0.027625  
-0.027510  
-0.027389  
-0.027260  
-0.027124  
-0.026981  
-0.026830  
-0.026671  
-0.026505  
-0.026330  
-0.026148  
-0.025957  
-0.025758  
-0.025551  
-0.025335  
-0.025110  
-0.024876  
-0.024633  
-0.024381  
-0.024119  
-0.023848  
-0.023567  
-0.023276  
-0.022974  
-0.022662  
-0.022340  
-0.022006  
-0.021662  
-0.021306  
-0.020939  
-0.020560  
-0.020169  
-0.019766  
-0.019351  
-0.018923  
-0.018482  
-0.018027  
-0.017559  
-0.017077  
-0.016581  
-0.016070  
-0.015545  
-0.015004  
-0.014447  
-0.013874  
-0.013284  
-0.012677  
-0.012053  
-0.011411  
-0.010751  
-0.010071  
-0.009372  
-0.008653  
-0.007914  
-0.007154  
-0.006372  
-0.005569  
-0.004742  
-0.003892  
-0.003017  
-0.002118  
-0.001193  
-0.000241  
0.000738  
0.001746  
0.002782  
0.003849  
0.004947  
0.006077  
0.007240  
0.008438  
0.009672  
0.010943  
0.012253  
0.013603  
0.014995  
0.016431  
0.017913  
0.019442  
0.021020  
0.022648  
0.024329  
0.026064  
0.027854  
0.029702  
0.031609  
0.033577  
0.035609  
0.037705  
0.039869  
0.042103  
0.044409  
0.046790  
0.049250  
0.051790  
0.054414  
0.057126  
0.059927  
0.062823  
0.065817  
0.068913  
0.072116  
0.075430  
0.078862  
0.082415  
0.086098  
0.089916  
0.093876  
0.097984  
0.102248  
0.106674  
0.111272  
0.116050  
0.121017  
0.126185  
0.131565  
0.137168  
0.143009  
0.149103  
0.155463  
0.162107  
0.169049  
0.176307  
0.183900  
0.191844  
0.200161  
0.208872  
0.218002  
0.227574  
0.237617  
0.248156  
0.259217  
0.270830  
0.283026  
0.295837  
0.309287  
0.323398  
0.338195  
0.353700  
0.369939  
0.386923  
0.404661  
0.423167  
0.442436  
0.462457  
0.483213  
0.504687  
0.526860  
0.549710  
0.573223  
0.597384  
0.622186  
0.647624  
0.673700  
0.700421  
0.727799  
0.755832  
0.784503  
0.813752  
0.843458  
0.873455  
0.903555  
0.933574  
0.963350  
0.992738  
1.021531  
1.049348  
1.075836  
1.100975  
1.124865  
1.147606  
1.169274  
1.189917  
1.209577  
1.228306  
1.246169  
1.263243  
1.279601  
1.295315  
1.310468  
1.325147  
1.339443  
1.353457  
1.367291  
1.381034  
1.394766  
1.408562  
1.422487  
1.436601  
1.450952  
1.465586  
1.480541  
1.495851  
1.511552  
1.527678  
1.544265  
1.561348  
1.578957  
1.597113  
1.615822  
1.635074  
1.654852  
1.675130  
1.695878  
1.717063  
1.738653  
1.760620  
1.782935  
1.805572  
1.828506  
1.851715  
1.875175  
1.898869  
1.922775  
1.946878  
1.971162  
1.995610  
2.020210  
2.044950  
2.069821  
2.094813  
2.119920  
2.145136  
2.170456  
2.195877  
2.221396  
2.247013  
2.272728  
2.298543  
2.324462  
2.350487  
2.376621  
2.402870  
2.429235  
2.455721  
2.482333  
2.509073  
2.535946  
2.562956  
2.590106  
2.617400  
2.644844  
2.672440  
2.700195  
2.728112  
2.756196  
2.784450  
2.812880  
2.841490  
2.870283  
2.899264  
2.928439  
2.957810  
2.987385  
3.017167  
3.047163  
3.077378  
3.107820  
3.138492  
3.169402  
3.200554  
3.231954  
3.263606  
3.295514  
3.327684  
3.360119  
3.392824  
3.425795  
3.459027  
3.492514  
3.526244  
3.560207  
3.594394  
3.628795  
3.663401  
3.698202  
3.733190  
3.768359  
3.803701  
3.839210  
3.874881  
3.910710  
3.946693  
3.982828  
4.019114  
4.055551  
4.092139  
4.128877  
4.165766  
4.202807  
4.240001  
4.277351  
4.314858  
4.352525  
4.390355  
4.428350  
4.466513  
4.504846  
4.543350  
4.582028  
4.620882  
4.659912  
4.699120  
4.738507  
4.778073  
4.817817  
4.857738  
4.897835  
4.938107  
4.978553  
5.019173  
5.059964  
5.100926  
5.142055  
5.183351  
5.224812  
5.266435  
5.308219  
5.350161  
5.392259  
5.434511  
5.476914  
5.519467  
5.562165  
5.605008  
5.647993  
5.691119  
5.734383  
5.777784  
5.821321  
5.864992  
5.908795  
5.952728  
5.996789  
6.040977  
6.085289  
6.129726  
6.174284  
6.218962  
6.263758  
6.308672  
6.353702  
6.398846  
6.444103  
6.489472  
6.534951  
6.580540  
6.626236  
6.672038  
6.717944  
6.763952  
6.810062  
6.856270  
6.902575  
6.948976  
6.995471  
7.042058  
7.088736  
7.135502  
7.182355  
7.229293  
7.276313  
7.323414  
7.370594  
7.417851  
7.465187  
7.512606  
7.560110  
7.607706  
7.655399  
7.703197  
7.751105  
7.799131  
7.847280  
7.895560  
7.943975  
7.992531  
8.041230  
8.090078  
8.139077  
8.188229  
8.237537  
8.287000  
8.336619  
8.386394  
8.436323  
8.486405  
8.536639  
8.587022  
8.637552  
8.688227  
8.739043  
8.789999  
8.841093  
8.892322  
8.943685  
8.995180  
9.046806  
9.098562  
9.150448  
9.202463  
9.254606  
9.306878  
9.359278  
9.411805  
9.464460  
9.517243  
9.570154  
9.623194  
9.676363  
9.729662  
9.783091  
9.836650  
9.890341  
9.944164  
9.998119  
10.052207  
10.106427  
10.160781  
10.215268  
10.269889  
10.324642  
10.379530  
10.434551  
10.489707  
10.544997  
10.600421  
10.655979  
10.711673  
10.767502  
10.823466  
10.879566  
10.935801  
10.992171  
11.048676  
11.105317  
11.162094  
11.219008  
11.276059  
11.333247  
11.390572  
11.448037  
11.505641  
11.563385  
11.621269  
11.679295  
11.737461  
11.795770  
11.854221  
11.912817  
11.971557  
12.030441  
12.089471  
12.148645  
12.207967  
12.267435  
12.327051  
12.386816  
12.446729  
12.506792  
12.567003  
12.627365  
12.687879  
12.748543  
12.809358  
12.870323  
12.931436  
12.992695  
13.054099  
13.115646  
13.177335  
13.239163  
13.301128  
13.363229  
13.425466  
13.487836  
13.550338  
13.612973  
13.675739  
13.738635  
13.801661  
13.864818  
13.928106  
13.991524  
14.055073  
14.118753  
14.182565  
14.246509  
14.310586  
14.374797  
14.439141  
14.503619  
14.568233  
14.632982  
14.697867  
14.762887  
14.828044  
14.893337  
14.958767  
15.024334  
15.090038  
15.155878  
15.221855  
15.287969  
15.354220  
15.420607  
15.487130  
15.553789  
15.620583  
15.687513  
15.754578  
15.821777  
15.889111  
15.956579  
16.024182  
16.091918  
16.159787  
16.227789  
16.295924  
16.364192  
16.432593  
16.501126  
16.569791  
16.638588  
16.707517  
16.776577  
16.845769  
16.915093  
16.984548  
17.054134  
17.123850  
17.193698  
17.263676  
17.333784  
17.404023  
17.474391  
17.544890  
17.615519  
17.686278  
17.757166  
17.828184  
17.899330  
17.970606  
18.042011  
18.113544  
18.185206  
18.256995  
18.328912  
18.400957  
18.473128  
18.545427  
18.617853  
18.690405  
18.763083  
18.835886  
18.908816  
18.981870  
19.055050  
19.128354  
19.201781  
19.275333  
19.349008  
19.422807  
19.496728  
19.570773  
19.644941  
19.719232  
19.793646  
19.868185  
19.942849  
20.017637  
20.092551  
20.167590  
20.242755  
20.318046  
20.393464  
20.469008  
20.544680  
20.620478  
20.696404  
20.772457  
20.848637  
20.924943  
21.001377  
21.077937  
21.154623  
21.231436  
21.308374  
21.385438  
21.462628  
21.539942  
21.617381  
21.694945  
21.772632  
21.850444  
21.928379  
22.006438  
22.084621  
22.162927  
22.241357  
22.319909  
22.398584  
22.477381  
22.556301  
22.635343  
22.714506  
22.793792  
22.873200  
22.952730  
23.032382  
23.112156  
23.192051  
23.272068  
23.352207  
23.432467  
23.512848  
23.593350  
23.673973  
23.754717  
23.835581  
23.916566  
23.997671  
24.078897  
24.160242  
24.241708  
24.323295  
24.405001  
24.486828  
24.568776  
24.650843  
24.733031  
24.815338  
24.897766  
24.980313  
25.062981  
25.145767  
25.228673  
25.311698  
25.394843  
25.478106  
25.561488  
25.644989  
25.728608  
25.812347  
25.896203  
25.980178  
26.064270  
26.148481  
26.232810  
26.317256  
26.401820  
26.486501  
26.571300  
26.656216  
26.741250  
26.826400  
26.911668  
26.997053  
27.082555  
27.168173  
27.253909  
27.339762  
27.425732  
27.511818  
27.598021  
27.684340  
27.770774  
27.857324  
27.943989  
28.030769  
28.117663  
28.204671  
28.291793  
28.379029  
28.466378  
28.553840  
28.641414  
28.729101  
28.816901  
28.904812  
28.992834  
29.080969  
29.169215  
29.257572  
29.346041  
29.434621  
29.523311  
29.612113  
29.701026  
29.790049  
29.879183  
29.968428  
30.057783  
30.147248  
30.236824  
30.326511  
30.416307  
30.506214  
30.596231  
30.686358  
30.776595  
30.866941  
30.957397  
31.047961  
31.138635  
31.229418  
31.320309  
31.411309  
31.502417  
31.593633  
31.684957  
31.776388  
31.867928  
31.959575  
32.051330  
32.143193  
32.235163  
32.327240  
32.419424  
32.511714  
32.604112  
32.696616  
32.789226  
32.881942  
32.974765  
33.067693  
33.160727  
33.253867  
33.347113  
33.440465  
33.533921  
33.627483  
33.721149  
33.814920  
33.908796  
34.002775  
34.096859  
34.191046  
34.285337  
34.379731  
34.474229  
34.568831  
34.663535  
34.758343  
34.853254  
34.948269  
35.043385  
35.138605  
35.233927  
35.329351  
35.424878  
35.520506  
35.616236  
35.712068  
35.808002  
35.904037  
36.000173  
36.096411  
36.192750  
36.289189  
36.385730  
36.482370  
36.579111  
36.675951  
36.772892  
36.869932  
36.967071  
37.064310  
37.161649  
37.259087  
37.356624  
37.454259  
37.551994  
37.649827  
37.747759  
37.845789  
37.943916  
38.042142  
38.140466  
38.238887  
38.337406  
38.436022  
38.534736  
38.633546  
38.732454  
38.831459  
38.930560  
39.029758  
39.129052  
39.228442  
39.327927  
39.427509  
39.527186  
39.626959  
39.726827  
39.826789  
39.926847  
40.026999  
40.127246  
40.227587  
40.328023  
40.428552  
40.529175  
40.629893  
40.730704  
40.831608  
40.932607  
41.033699  
41.134884  
41.236162  
41.337533  
41.438997  
41.540554  
41.642203  
41.743944  
41.845777  
41.947702  
42.049718  
42.151826  
42.254026  
42.356317  
42.458700  
42.561174  
42.663738  
42.766394  
42.869140  
42.971976  
43.074903  
43.177919  
43.281026  
43.384223  
43.487509  
43.590885  
43.694350  
43.797903  
43.901546  
44.005277  
44.109097  
44.213005  
44.317001  
44.421086  
44.525258  
44.629519  
44.733867  
44.838302  
44.942825  
45.047436  
45.152133  
45.256917  
45.361788  
45.466746  
45.571790  
45.676921  
45.782138  
45.887441  
45.992830  
46.098305  
46.203866  
46.309511  
46.415242  
46.521058  
46.626958  
46.732944  
46.839014  
46.945168  
47.051407  
47.157729  
47.264136  
47.370626  
47.477199  
47.583856  
47.690596  
47.797419  
47.904324  
48.011312  
48.118382  
48.225533  
48.332766  
48.440081  
48.547476  
48.654953  
48.762510  
48.870148  
48.977866  
49.085664  
49.193543  
49.301502  
49.409540  
49.517659  
49.625857  
49.734135  
49.842492  
49.950928  
50.059443  
50.168038  
50.276711  
50.385463  
50.494293  
50.603201  
50.712188  
50.821252  
50.930394  
51.039614  
51.148911  
51.258285  
51.367736  
51.477265  
51.586871  
51.696553  
51.806312  
51.916146  
52.026057  
52.136043  
52.246105  
52.356242  
52.466455  
52.576743  
52.687106  
52.797544  
52.908056  
53.018643  
53.129304  
53.240038  
53.350847  
53.461729  
53.572685  
53.683715  
53.794817  
53.905993  
54.017242  
54.128564  
54.239958  
54.351425  
54.462964  
54.574575  
54.686258  
54.798014  
54.909841  
55.021740  
55.133709  
55.245751  
55.357863  
55.470046  
55.582299  
55.694623  
55.807017  
55.919481  
56.032014  
56.144617  
56.257290  
56.370032  
56.482842  
56.595722  
56.708670  
56.821687  
56.934772  
57.047925  
57.161146  
57.274435  
57.387792  
57.501217  
57.614709  
57.728268  
57.841895  
57.955588  
58.069349  
58.183175  
58.297068  
58.411028  
58.525053  
58.639144  
58.753301  
58.867522  
58.981808  
59.096159  
59.210575  
59.325055  
59.439598  
59.554206  
59.668878  
59.783613  
59.898412  
60.013273  
60.128197  
60.243184  
60.358234  
60.473345  
60.588520  
60.703756  
60.819054  
60.934415  
61.049836  
61.165320  
61.280865  
61.396471  
61.512138  
61.627866  
61.743655  
61.859505  
61.975415  
62.091386  
62.207416  
62.323506  
62.439655  
62.555864  
62.672132  
62.788459  
62.904845  
63.021289  
63.137792  
63.254354  
63.370973  
63.487650  
63.604385  
63.721178  
63.838028  
63.954935  
64.071899  
64.188920  
64.305997  
64.423131  
64.540320  
64.657566  
64.774867  
64.892224  
65.009636  
65.127104  
65.244627  
65.362206  
65.479839  
65.597526  
65.715269  
65.833065  
65.950916  
66.068820  
66.186779  
66.304790  
66.422856  
66.540975  
66.659146  
66.777371  
66.895648  
67.013978  
67.132360  
67.250794  
67.369279  
67.487817  
67.606406  
67.725046  
67.843738  
67.962480  
68.081273  
68.200116  
68.319010  
68.437954  
68.556949  
68.675993  
68.795087  
68.914230  
69.033423  
69.152664  
69.271955  
69.391294  
69.510681  
69.630117  
69.749601  
69.869133  
69.988713  
70.108340  
70.228015  
70.347736  
70.467505  
70.587320  
70.707182  
70.827089  
70.947043  
71.067043  
71.187088  
71.307179  
71.427315  
71.547497  
71.667723  
71.787994  
71.908309  
72.028669  
72.149072  
72.269520  
72.390011  
72.510546  
72.631124  
72.751745  
72.872408  
72.993115  
73.113865  
73.234656  
73.355491  
73.476367  
73.597285  
73.718246  
73.839247  
73.960291  
74.081375  
74.202500  
74.323666  
74.444873  
74.566121  
74.687408  
74.808736  
74.930104  
75.051511  
75.172958  
75.294444  
75.415969  
75.537534  
75.659137  
75.780778  
75.902458  
76.024176  
76.145931  
76.267725  
76.389556  
76.511424  
76.633329  
76.755271  
76.877249  
76.999264  
77.121316  
77.243403  
77.365526  
77.487685  
77.609880  
77.732111  
77.854376  
77.976677  
78.099013  
78.221383  
78.343789  
78.466228  
78.588702  
78.711209  
78.833751  
78.956326  
79.078934  
79.201575  
79.324249  
79.446956  
79.569695  
79.692466  
79.815270  
79.938106  
80.060973  
80.183872  
80.306803  
80.429764  
80.552757  
80.675780  
80.798834  
80.921919  
81.045034  
81.168178  
81.291353  
81.414557  
81.537791  
81.661055  
81.784347  
81.907668  
82.031018  
82.154396  
82.277803  
82.401237  
82.524699  
82.648189  
82.771706  
82.895251  
83.018822  
83.142420  
83.266045  
83.389696  
83.513374  
83.637077  
83.760807  
83.884561  
84.008342  
84.132147  
84.255978  
84.379833  
84.503713  
84.627618  
84.751547  
84.875500  
84.999477  
85.123478  
85.247502  
85.371550  
85.495620  
85.619713  
85.743829  
85.867968  
85.992129  
86.116311  
86.240516  
86.364743  
86.488991  
86.613260  
86.737551  
86.861863  
86.986195  
87.110548  
87.234921  
87.359315  
87.483728  
87.608162  
87.732615  
87.857087  
87.981579  
88.106089  
88.230619  
88.355167  
88.479734  
88.604319  
88.728922  
88.853543  
88.978181  
89.102837  
89.227510  
89.352200  
89.476907  
89.601631  
89.726371  
89.851127  
89.975900  
90.100688  
90.225492  
90.350311  
90.475146  
90.599996  
90.724860  
90.849740  
90.974633  
91.099541  
91.224463  
91.349399  
91.474349  
91.599312  
91.724289  
91.849278  
91.974281  
92.099296  
92.224324  
92.349364  
92.474416  
92.599480  
92.724556  
92.849643  
92.974742  
93.099851  
93.224972  
93.350104  
93.475246  
93.600398  
93.725561  
93.850733  
93.975915  
94.101107  
94.226308  
94.351518  
94.476737  
94.601965  
94.727201  
94.852446  
94.977699  
95.102960  
95.228228  
95.353504  
95.478787  
95.604078  
95.729375  
95.854679  
95.979990  
96.105306  
96.230630  
96.355959  
96.481293  
96.606634  
96.731979  
96.857330  
96.982686  
97.108047  
97.233412  
97.358781  
97.484155  
97.609533  
97.734914  
97.860300  
97.985688  
98.111080  
98.236474  
98.361872  
98.487272  
98.612674  
98.738079  
98.863486  
98.988894  
99.114304  
99.239715  
99.365128  
99.490542  
99.615956  
99.741371  
99.866787  
99.992202  
100.117618  
100.243034  
100.368449  
100.493864  
100.619277  
100.744690  
100.870102  
100.995512  
101.120921  
101.246328  
101.371733  
101.497136  
101.622536  
101.747934  
101.873329  
101.998722  
102.124111  
102.249496  
102.374879  
102.500257  
102.625631  
102.751002  
102.876368  
103.001729  
103.127086  
103.252437  
103.377784  
103.503125  
103.628461  
103.753791  
103.879115  
104.004433  
104.129744  
104.255049  
104.380348  
104.505639  
104.630923  
104.756200  
104.881470  
105.006731  
105.131985  
105.257231  
105.382468  
105.507697  
105.632916  
105.758127  
105.883329  
106.008522  
106.133704  
106.258878  
106.384041  
106.509194  
106.634337  
106.759469  
106.884590  
107.009701  
107.134800  
107.259889  
107.384965  
107.510030  
107.635083  
107.760124  
107.885152  
108.010169  
108.135172  
108.260163  
108.385140  
108.510105  
108.635056  
108.759993  
108.884917  
109.009826  
109.134721  
109.259602  
109.384469  
109.509320  
109.634157  
109.758978  
109.883784  
110.008575  
110.133350  
110.258108  
110.382851  
110.507577  
110.632287  
110.756979  
110.881655  
111.006314  
111.130955  
111.255578  
111.380184  
111.504772  
111.629341  
111.753892  
111.878425  
112.002938  
112.127433  
112.251908  
112.376364  
112.500801  
112.625217  
112.749614  
112.873990  
112.998346  
113.122682  
113.246997  
113.371291  
113.495564  
113.619816  
113.744046  
113.868255  
113.992441  
114.116606  
114.240748  
114.364868  
114.488965  
114.613039  
114.737090  
114.861117  
114.985122  
115.109102  
115.233059  
115.356991  
115.480899  
115.604783  
115.728642  
115.852476  
115.976285  
116.100069  
116.223827  
116.347560  
116.471266  
116.594946  
116.718600  
116.842228  
116.965829  
117.089403  
117.212951  
117.336470  
117.459963  
117.583427  
117.706864  
117.830273  
117.953653  
118.077005  
118.200328  
118.323623  
118.446888  
118.570124  
118.693331  
118.816508  
118.939655  
119.062772  
119.185858  
119.308914  
119.431940  
119.554935  
119.677898  
119.800831  
119.923732  
120.046601  
120.169439  
120.292245  
120.415019  
120.537761  
120.660470  
120.783147  
120.905791  
121.028403  
121.150981  
121.273525  
121.396037  
121.518514  
121.640958  
121.763367  
121.885743  
122.008083  
122.130389  
122.252660  
122.374896  
122.497097  
122.619261  
122.741391  
122.863484  
122.985541  
123.107561  
123.229546  
123.351494  
123.473405  
123.595279  
123.717115  
123.838915  
123.960676  
124.082400  
124.204086  
124.325734  
124.447343  
124.568913  
124.690445  
124.811937  
124.933391  
125.054804  
125.176178  
125.297512  
125.418806  
125.540060  
125.661274  
125.782447  
125.903579  
126.024670  
126.145721  
126.266730  
126.387697  
126.508622  
126.629506  
126.750347  
126.871147  
126.991903  
127.112617  
127.233288  
127.353916  
127.474501  
127.595042  
127.715539  
127.835993  
127.956403  
128.076768  
128.197089  
128.317366  
128.437597  
128.557783  
128.677924  
128.798020  
128.918070  
129.038073  
129.158031  
129.277943  
129.397808  
129.517627  
129.637399  
129.757123  
129.876801  
129.996432  
130.116015  
130.235550  
130.355037  
130.474476  
130.593867  
130.713210  
130.832504  
130.951749  
131.070945  
131.190092  
131.309189  
131.428236  
131.547234  
131.666181  
131.785079  
131.903926  
132.022723  
132.141469  
132.260165  
132.378809  
132.497403  
132.615945  
132.734436  
132.852875  
132.971262  
133.089598  
133.207881  
133.326112  
133.444290  
133.562415  
133.680488  
133.798507  
133.916473  
134.034385  
134.152244  
134.270049  
134.387800  
134.505497  
134.623139  
134.740726  
134.858259  
134.975736  
135.093158  
135.210524  
135.327835  
135.445090  
135.562288  
135.679431  
135.796517  
135.913546  
136.030519  
136.147435  
136.264293  
136.381095  
136.497839  
136.614525  
136.731153  
136.847724  
136.964236  
137.080689  
137.197084  
137.313420  
137.429697  
137.545915  
137.662073  
137.778172  
137.894211  
138.010190  
138.126109  
138.241967  
138.357765  
138.473503  
138.589180  
138.704795  
138.820350  
138.935843  
139.051275  
139.166645  
139.281953  
139.397199  
139.512383  
139.627505  
139.742563  
139.857559  
139.972492  
140.087362  
140.202168  
140.316911  
140.431590  
140.546205  
140.660756  
140.775242  
140.889664  
141.004021  
141.118312  
141.232538  
141.346699  
141.460794  
141.574824  
141.688787  
141.802684  
141.916515  
142.030279  
142.143977  
142.257607  
142.371171  
142.484667  
142.598096  
142.711457  
142.824750  
142.937975  
143.051132  
143.164221  
143.277242  
143.390195  
143.503079  
143.615895  
143.728641  
143.841318  
143.953926  
144.066465  
144.178934  
144.291333  
144.403663  
144.515922  
144.628112  
144.740231  
144.852279  
144.964257  
145.076165  
145.188001  
145.299766  
145.411459  
145.523081  
145.634632  
145.746110  
145.857516  
145.968850  
146.080111  
146.191300  
146.302415  
146.413457  
146.524425  
146.635320  
146.746141  
146.856888  
146.967561  
147.078159  
147.188683  
147.299132  
147.409507  
147.519806  
147.630031  
147.740180  
147.850254  
147.960252  
148.070174  
148.180021  
148.289792  
148.399486  
148.509104  
148.618646  
148.728110  
148.837498  
148.946809  
149.056043  
149.165199  
149.274277  
149.383277  
149.492200  
149.601044  
149.709810  
149.818498  
149.927106  
150.035635  
150.144085  
150.252455  
150.360746  
150.468957  
150.577088  
150.685138  
150.793108  
150.900998  
151.008807  
151.116535  
151.224182  
151.331748  
151.439233  
151.546636  
151.653958  
151.761198  
151.868356  
151.975432  
152.082426  
152.189338  
152.296167  
152.402913  
152.509576  
152.616155  
152.722652  
152.829064  
152.935393  
153.041637  
153.147798  
153.253874  
153.359865  
153.465772  
153.571594  
153.677331  
153.782983  
153.888550  
153.994031  
154.099427  
154.204737  
154.309962  
154.415100  
154.520153  
154.625119  
154.729999  
154.834792  
154.939498  
155.044118  
155.148651  
155.253097  
155.357455  
155.461726  
155.565910  
155.670006  
155.774014  
155.877935  
155.981767  
156.085511  
156.189167  
156.292734  
156.396212  
156.499602  
156.602903  
156.706114  
156.809236  
156.912268  
157.015211  
157.118064  
157.220826  
157.323499  
157.426080  
157.528571  
157.630971  
157.733280  
157.835497  
157.937623  
158.039657  
158.141599  
158.243449  
158.345208  
158.446874  
158.548448  
158.649928  
158.751316  
158.852610  
158.953811  
159.054919  
159.155933  
159.256853  
159.357679  
159.458412  
159.559050  
159.659595  
159.760046  
159.860402  
159.960664  
160.060831  
160.160903  
160.260880  
160.360762  
160.460548  
160.560239  
160.659834  
160.759333  
160.858736  
160.958043  
161.057254  
161.156368  
161.255385  
161.354305  
161.453127  
161.551852  
161.650480  
161.749009  
161.847441  
161.945775  
162.044011  
162.142149  
162.240189  
162.338130  
162.435972  
162.533716  
162.631361  
162.728907  
162.826354  
162.923701  
163.020948  
163.118095  
163.215142  
163.312089  
163.408935  
163.505681  
163.602325  
163.698869  
163.795312  
163.891654  
163.987894  
164.084033  
164.180070  
164.276005  
164.371838  
164.467569  
164.563198  
164.658725  
164.754149  
164.849471  
164.944691  
165.039808  
165.134822  
165.229734  
165.324543  
165.419249  
165.513852  
165.608352  
165.702748  
165.797041  
165.891230  
165.985316  
166.079297  
166.173175  
166.266948  
166.360617  
166.454181  
166.547641  
166.640996  
166.734245  
166.827390  
166.920428  
167.013361  
167.106188  
167.198908  
167.291523  
167.384030  
167.476431  
167.568725  
167.660912  
167.752992  
167.844964  
167.936829  
168.028587  
168.120237  
168.211779  
168.303214  
168.394541  
168.485759  
168.576870  
168.667872  
168.758766  
168.849552  
168.940229  
169.030797  
169.121256  
169.211605  
169.301845  
169.391975  
169.481996  
169.571906  
169.661706  
169.751396  
169.840976  
169.930444  
170.019802  
170.109048  
170.198183  
170.287207  
170.376119  
170.464920  
170.553610  
170.642188  
170.730655  
170.819009  
170.907252  
170.995382  
171.083400  
171.171305  
171.259098  
171.346778  
171.434346  
171.521801  
171.609142  
171.696371  
171.783486  
171.870487  
171.957375  
172.044148  
172.130807  
172.217352  
172.303783  
172.390098  
172.476299  
172.562385  
172.648356  
172.734213  
172.819954  
172.905580  
172.991091  
173.076486  
173.161765  
173.246928  
173.331976  
173.416907  
173.501721  
173.586418  
173.670999  
173.755463  
173.839811  
173.924041  
174.008155  
174.092151  
174.176031  
174.259793  
174.343439  
174.426967  
174.510377  
174.593671  
174.676847  
174.759905  
174.842845  
174.925668  
175.008373  
175.090960  
175.173429  
175.255780  
175.338013  
175.420127  
175.502122  
175.583997  
175.665754  
175.747390  
175.828908  
175.910305  
175.991582  
176.072739  
176.153776  
176.234692  
176.315486  
176.396160  
176.476712  
176.557144  
176.637454  
176.717642  
176.797709  
176.877654  
176.957477  
177.037178  
177.116756  
177.196213  
177.275547  
177.354759  
177.433849  
177.512817  
177.591663  
177.670386  
177.748987  
177.827464  
177.905819  
177.984050  
178.062158  
178.140143  
178.218005  
178.295742  
178.373356  
178.450847  
178.528213  
178.605455  
178.682573  
178.759567  
178.836436  
178.913180  
178.989799  
179.066294  
179.142663  
179.218907  
179.295026  
179.371019  
179.446887  
179.522629  
179.598245  
179.673735  
179.749099  
179.824337  
179.899448  
179.974432  
180.049289  
180.124019  
180.198622  
180.273097  
180.347446  
180.421667  
180.495761  
180.569727  
180.643565  
180.717275  
180.790856  
180.864309  
180.937633  
181.010829  
181.083897  
181.156836  
181.229647  
181.302329  
181.374883  
181.447309  
181.519606  
181.591775  
181.663815  
181.735726  
181.807509  
181.879164  
181.950689  
182.022085  
182.093351  
182.164488  
182.235495  
182.306372  
182.377119  
182.447736  
182.518223  
182.588579  
182.658805  
182.728900  
182.798865  
182.868699  
182.938402  
183.007974  
183.077415  
183.146725  
183.215904  
183.284951  
183.353867  
183.422652  
183.491304  
183.559825  
183.628214  
183.696471  
183.764595  
183.832587  
183.900446  
183.968172  
184.035765  
184.103225  
184.170552  
184.237746  
184.304806  
184.371733  
184.438527  
184.505187  
184.571714  
184.638107  
184.704365  
184.770490  
184.836480  
184.902335  
184.968057  
185.033644  
185.099097  
185.164416  
185.229600  
185.294650  
185.359564  
185.424344  
185.488988  
185.553497  
185.617871  
185.682110  
185.746214  
185.810183  
185.874015  
185.937713  
186.001274  
186.064699  
186.127987  
186.191139  
186.254155  
186.317034  
186.379777  
186.442382  
186.504850  
186.567181  
186.629375  
186.691432  
186.753351  
186.815132  
186.876776  
186.938281  
186.999649  
187.060878  
187.121969  
187.182922  
187.243737  
187.304414  
187.364953  
187.425353  
187.485615  
187.545738  
187.605722  
187.665567  
187.725273  
187.784841  
187.844269  
187.903558  
187.962708  
188.021719  
188.080590  
188.139322  
188.197914  
188.256367  
188.314681  
188.372855  
188.430889  
188.488784  
188.546539  
188.604155  
188.661631  
188.718967  
188.776163  
188.833220  
188.890137  
188.946913  
189.003550  
189.060046  
189.116401  
189.172615  
189.228688  
189.284621  
189.340412  
189.396063  
189.451573  
189.506941  
189.562169  
189.617255  
189.672201  
189.727005  
189.781667  
189.836188  
189.890568  
189.944805  
189.998901  
190.052855  
190.106666  
190.160335  
190.213861  
190.267245  
190.320485  
190.373582  
190.426536  
190.479346  
190.532014  
190.584537  
190.636917  
190.689154  
190.741247  
190.793197  
190.845002  
190.896664  
190.948182  
190.999556  
191.050787  
191.101873  
191.152816  
191.203614  
191.254267  
191.304776  
191.355140  
191.405360  
191.455435  
191.505365  
191.555150  
191.604790  
191.654285  
191.703635  
191.752840  
191.801899  
191.850813  
191.899583  
191.948206  
191.996685  
192.045017  
192.093204  
192.141245  
192.189139  
192.236887  
192.284489  
192.331945  
192.379255  
192.426418  
192.473435  
192.520306  
192.567030  
192.613608  
192.660039  
192.706322  
192.752459  
192.798448  
192.844291  
192.889985  
192.935533  
192.980933  
193.026186  
193.071292  
193.116251  
193.161062  
193.205726  
193.250243  
193.294613  
193.338835  
193.382911  
193.426839  
193.470619  
193.514251  
193.557736  
193.601073  
193.644263  
193.687305  
193.730200  
193.772947  
193.815546  
193.857997  
193.900301  
193.942456  
193.984463  
194.026321  
194.068031  
194.109593  
194.151005  
194.192269  
194.233384  
194.274351  
194.315168  
194.355837  
194.396356  
194.436726  
194.476947  
194.517020  
194.556942  
194.596715  
194.636339  
194.675813  
194.715137  
194.754310  
194.793334  
194.832208  
194.870932  
194.909506  
194.947931  
194.986205  
195.024329  
195.062304  
195.100128  
195.137801  
195.175323  
195.212696  
195.249918  
195.286988  
195.323908  
195.360677  
195.397295  
195.433761  
195.470076  
195.506240  
195.542252  
195.578114  
195.613824  
195.649384  
195.684792  
195.720049  
195.755154  
195.790108  
195.824910  
195.859560  
195.894059  
195.928406  
195.962601  
195.996644  
196.030534  
196.064273  
196.097858  
196.131291  
196.164572  
196.197700  
196.230676  
196.263500  
196.296171  
196.328691  
196.361057  
196.393272  
196.425335  
196.457244  
196.489002  
196.520606  
196.552058  
196.583356  
196.614500  
196.645492  
196.676330  
196.707015  
196.737548  
196.767927  
196.798153  
196.828226  
196.858146  
196.887913  
196.917526  
196.946986  
196.976293  
197.005446  
197.034447  
197.063294  
197.091988  
197.120529  
197.148916  
197.177151  
197.205232  
197.233159  
197.260933  
197.288554  
197.316020  
197.343332  
197.370491  
197.397496  
197.424347  
197.451044  
197.477587  
197.503976  
197.530211  
197.556292  
197.582219  
197.607992  
197.633611  
197.659075  
197.684384  
197.709538  
197.734539  
197.759384  
197.784075  
197.808611  
197.832992  
197.857219  
197.881291  
197.905209  
197.928971  
197.952580  
197.976033  
197.999332  
198.022476  
198.045466  
198.068300  
198.090980  
198.113506  
198.135876  
198.158091  
198.180151  
198.202057  
198.223808  
198.245403  
198.266843  
198.288128  
198.309257  
198.330231  
198.351050  
198.371713  
198.392221  
198.412572  
198.432767  
198.452806  
198.472689  
198.492416  
198.511986  
198.531400  
198.550658  
198.569759  
198.588705  
198.607494  
198.626127  
198.644603  
198.662924  
198.681088  
198.699097  
198.716949  
198.734644  
198.752184  
198.769567  
198.786793  
198.803862  
198.820774  
198.837530  
198.854130  
198.870574  
198.886860  
198.902991  
198.918965  
198.934782  
198.950442  
198.965944  
198.981290  
198.996479  
199.011512  
199.026387  
199.041105  
199.055666  
199.070071  
199.084320  
199.098411  
199.112346  
199.126124  
199.139746  
199.153210  
199.166518  
199.179669  
199.192663  
199.205502  
199.218184  
199.230710  
199.243080  
199.255294  
199.267351  
199.279251  
199.290994  
199.302581  
199.314011  
199.325285  
199.336401  
199.347360  
199.358163  
199.368808  
199.379296  
199.389626  
199.399799  
199.409815  
199.419674  
199.429376  
199.438922  
199.448310  
199.457541  
199.466615  
199.475532  
199.484291  
199.492894  
199.501339  
199.509627  
199.517757  
199.525730  
199.533545  
199.541203  
199.548703  
199.556045  
199.563230  
199.570257  
199.577127  
199.583840  
199.590396  
199.596794  
199.603035  
199.609120  
199.615047  
199.620817  
199.626430  
199.631886  
199.637184  
199.642326  
199.647309  
199.652136  
199.656804  
199.661316  
199.665670  
199.669867  
199.673905  
199.677787  
199.681510  
199.685074  
199.688481  
199.691729  
199.694819  
199.697751  
199.700524  
199.703139  
199.705596  
199.707895  
199.710035  
199.712018  
199.713842  
199.715508  
199.717017  
199.718367  
199.719560  
199.720594  
199.721470  
199.722189  
199.722748  
199.723149  
199.723392  
199.723477  
199.723404  
199.723172  
199.722781  
199.722233  
199.721526  
199.720663  
199.719642  
199.718464  
199.717128  
199.715635  
199.713985  
199.712178  
199.710212  
199.708090  
199.705811  
199.703375  
199.700781  
199.698029  
199.695121  
199.692055  
199.688831  
199.685449  
199.681909  
199.678213  
199.674358  
199.670346  
199.666176  
199.661849  
199.657364  
199.652723  
199.647923  
199.642967  
199.637853  
199.632582  
199.627153  
199.621568  
199.615825  
199.609924  
199.603866  
199.597651  
199.591277  
199.584746  
199.578058  
199.571212  
199.564209  
199.557048  
199.549730  
199.542254  
199.534622  
199.526834  
199.518888  
199.510785  
199.502526  
199.494109  
199.485535  
199.476804  
199.467916  
199.458871  
199.449668  
199.440308  
199.430791  
199.421116  
199.411285  
199.401296  
199.391150  
199.380846  
199.370386  
199.359768  
199.348993  
199.338061  
199.326972  
199.315726  
199.304322  
199.292760  
199.281040  
199.269164  
199.257130  
199.244939  
199.232591  
199.220086  
199.207424  
199.194606  
199.181630  
199.168497  
199.155206  
199.141759  
199.128154  
199.114392  
199.100474  
199.086398  
199.072165  
199.057775  
199.043229  
199.028525  
199.013664  
198.998647  
198.983473  
198.968142  
198.952655  
198.937010  
198.921208  
198.905249  
198.889133  
198.872860  
198.856429  
198.839842  
198.823098  
198.806197  
198.789140  
198.771926  
198.754557  
198.737031  
198.719350  
198.701512  
198.683519  
198.665370  
198.647065  
198.628604  
198.609988  
198.591216  
198.572289  
198.553207  
198.533969  
198.514577  
198.495029  
198.475326  
198.455468  
198.435454  
198.415285  
198.394961  
198.374481  
198.353846  
198.333056  
198.312110  
198.291009  
198.269753  
198.248342  
198.226776  
198.205054  
198.183177  
198.161144  
198.138955  
198.116612  
198.094113  
198.071459  
198.048651  
198.025687  
198.002569  
197.979296  
197.955869  
197.932286  
197.908549  
197.884656  
197.860609  
197.836408  
197.812053  
197.787543  
197.762879  
197.738061  
197.713089  
197.687961  
197.662679  
197.637243  
197.611652  
197.585907  
197.560007  
197.533953  
197.507744  
197.481380  
197.454862  
197.428188  
197.401360  
197.374378  
197.347242  
197.319950  
197.292504  
197.264905  
197.237151  
197.209243  
197.181181  
197.152965  
197.124596  
197.096073  
197.067396  
197.038566  
197.009583  
196.980445  
196.951155  
196.921710  
196.892111  
196.862359  
196.832454  
196.802395  
196.772184  
196.741819  
196.711301  
196.680630  
196.649806  
196.618828  
196.587698  
196.556414  
196.524977  
196.493387  
196.461644  
196.429747  
196.397698  
196.365497  
196.333144  
196.300639  
196.267982  
196.235173  
196.202212  
196.169100  
196.135835  
196.102419  
196.068851  
196.035132  
196.001261  
195.967239  
195.933065  
195.898739  
195.864263  
195.829635  
195.794856  
195.759926  
195.724845  
195.689613  
195.654231  
195.618697  
195.583012  
195.547176  
195.511190  
195.475052  
195.438762  
195.402322  
195.365731  
195.328989  
195.292096  
195.255052  
195.217857  
195.180511  
195.143014  
195.105367  
195.067568  
195.029620  
194.991521  
194.953273  
194.914874  
194.876326  
194.837628  
194.798780  
194.759782  
194.720634  
194.681336  
194.641889  
194.602293  
194.562547  
194.522651  
194.482606  
194.442412  
194.402069  
194.361576  
194.320934  
194.280143  
194.239204  
194.198115  
194.156877  
194.115491  
194.073955  
194.032271  
193.990437  
193.948454  
193.906323  
193.864042  
193.821614  
193.779037  
193.736312  
193.693439  
193.650417  
193.607248  
193.563929  
193.520463  
193.476848  
193.433086  
193.389175  
193.345116  
193.300910  
193.256555  
193.212052  
193.167401  
193.122602  
193.077655  
193.032561  
192.987319  
192.941931  
192.896395  
192.850712  
192.804882  
192.758905  
192.712780  
192.666509  
192.620091  
192.573526  
192.526815  
192.479957  
192.432954  
192.385804  
192.338508  
192.291065  
192.243476  
192.195740  
192.147859  
192.099833  
192.051661  
192.003344  
191.954882  
191.906274  
191.857523  
191.808626  
191.759585  
191.710399  
191.661069  
191.611594  
191.561976  
191.512213  
191.462305  
191.412254  
191.362058  
191.311718  
191.261233  
191.210604  
191.159831  
191.108914  
191.057852  
191.006646  
190.955297  
190.903804  
190.852167  
190.800386  
190.748461  
190.696394  
190.644183  
190.591829  
190.539331  
190.486691  
190.433907  
190.380981  
190.327911  
190.274698  
190.221342  
190.167844  
190.114204  
190.060421  
190.006497  
189.952430  
189.898221  
189.843870  
189.789377  
189.734742  
189.679965  
189.625046  
189.569986  
189.514783  
189.459439  
189.403954  
189.348326  
189.292557  
189.236646  
189.180593  
189.124400  
189.068065  
189.011590  
188.954974  
188.898217  
188.841320  
188.784282  
188.727103  
188.669784  
188.612324  
188.554724  
188.496984  
188.439104  
188.381084  
188.322923  
188.264623  
188.206183  
188.147604  
188.088884  
188.030026  
187.971028  
187.911891  
187.852614  
187.793199  
187.733644  
187.673950  
187.614117  
187.554145  
187.494033  
187.433783  
187.373394  
187.312866  
187.252200  
187.191395  
187.130452  
187.069371  
187.008152  
186.946795  
186.885300  
186.823669  
186.761900  
186.699995  
186.637952  
186.575773  
186.513458  
186.451006  
186.388418  
186.325694  
186.262834  
186.199837  
186.136705  
186.073436  
186.010032  
185.946492  
185.882816  
185.819006  
185.755060  
185.690979  
185.626763  
185.562412  
185.497926  
185.433304  
185.368547  
185.303656  
185.238630  
185.173469  
185.108173  
185.042743  
184.977177  
184.911477  
184.845643  
184.779673  
184.713570  
184.647333  
184.580963  
184.514459  
184.447821  
184.381050  
184.314146  
184.247110  
184.179940  
184.112638  
184.045203  
183.977635  
183.909934  
183.842101  
183.774134  
183.706036  
183.637804  
183.569441  
183.500944  
183.432316  
183.363556  
183.294664  
183.225640  
183.156485  
183.087198  
183.017780  
182.948230  
182.878550  
182.808738  
182.738795  
182.668721  
182.598516  
182.528179  
182.457712  
182.387115  
182.316387  
182.245529  
182.174541  
182.103423  
182.032175  
181.960797  
181.889291  
181.817654  
181.745889  
181.673994  
181.601969  
181.529815  
181.457532  
181.385120  
181.312578  
181.239908  
181.167109  
181.094180  
181.021123  
180.947938  
180.874623  
180.801179  
180.727608  
180.653908  
180.580080  
180.506125  
180.432042  
180.357832  
180.283495  
180.209030  
180.134439  
180.059720  
179.984875  
179.909904  
179.834806  
179.759583  
179.684233  
179.608757  
179.533157  
179.457430  
179.381579  
179.305602  
179.229500  
179.153274  
179.076923  
179.000447  
178.923847  
178.847123  
178.770274  
178.693301  
178.616205  
178.538984  
178.461639  
178.384170  
178.306577  
178.228860  
178.151020  
178.073056  
177.994968  
177.916757  
177.838422  
177.759964  
177.681383  
177.602680  
177.523854  
177.444905  
177.365833  
177.286640  
177.207324  
177.127887  
177.048327  
176.968646  
176.888844  
176.808920  
176.728875  
176.648709  
176.568422  
176.488013  
176.407484  
176.326833  
176.246062  
176.165170  
176.084157  
176.003024  
175.921770  
175.840396  
175.758902  
175.677288  
175.595555  
175.513701  
175.431729  
175.349636  
175.267425  
175.185093  
175.102643  
175.020074  
174.937387  
174.854581  
174.771657  
174.688614  
174.605454  
174.522176  
174.438779  
174.355265  
174.271633  
174.187883  
174.104016  
174.020032  
173.935930  
173.851711  
173.767376  
173.682923  
173.598354  
173.513668  
173.428866  
173.343948  
173.258913  
173.173762  
173.088496  
173.003113  
172.917615  
172.832002  
172.746273  
172.660429  
172.574470  
172.488395  
172.402205  
172.315900  
172.229480  
172.142946  
172.056298  
171.969535  
171.882658  
171.795667  
171.708563  
171.621346  
171.534016  
171.446572  
171.359016  
171.271348  
171.183567  
171.095674  
171.007669  
170.919553  
170.831324  
170.742983  
170.654530  
170.565966  
170.477291  
170.388505  
170.299608  
170.210600  
170.121482  
170.032253  
169.942914  
169.853465  
169.763905  
169.674236  
169.584457  
169.494568  
169.404568  
169.314459  
169.224240  
169.133912  
169.043475  
168.952928  
168.862271  
168.771506  
168.680632  
168.589649  
168.498558  
168.407359  
168.316051  
168.224635  
168.133110  
168.041478  
167.949737  
167.857890  
167.765935  
167.673872  
167.581702  
167.489426  
167.397043  
167.304553  
167.211958  
167.119257  
167.026450  
166.933537  
166.840518  
166.747394  
166.654164  
166.560829  
166.467388  
166.373843  
166.280192  
166.186436  
166.092576  
165.998611  
165.904542  
165.810369  
165.716091  
165.621709  
165.527223  
165.432633  
165.337939  
165.243141  
165.148240  
165.053235  
164.958127  
164.862916  
164.767603  
164.672186  
164.576667  
164.481046  
164.385322  
164.289497  
164.193570  
164.097541  
164.001411  
163.905179  
163.808847  
163.712413  
163.615879  
163.519243  
163.422507  
163.325671  
163.228735  
163.131698  
163.034562  
162.937326  
162.839990  
162.742555  
162.645021  
162.547388  
162.449656  
162.351826  
162.253897  
162.155869  
162.057743  
161.959519  
161.861197  
161.762777  
161.664260  
161.565645  
161.466933  
161.368124  
161.269218  
161.170216  
161.071117  
160.971921  
160.872629  
160.773241  
160.673757  
160.574176  
160.474501  
160.374729  
160.274863  
160.174902  
160.074845  
159.974694  
159.874449  
159.774108  
159.673673  
159.573144  
159.472521  
159.371803  
159.270992  
159.170087  
159.069089  
158.967997  
158.866812  
158.765534  
158.664163  
158.562700  
158.461143  
158.359494  
158.257753  
158.155919  
158.053993  
157.951975  
157.849866  
157.747664  
157.645372  
157.542988  
157.440513  
157.337948  
157.235291  
157.132545  
157.029708  
156.926781  
156.823764  
156.720657  
156.617461  
156.514175  
156.410800  
156.307336  
156.203782  
156.100140  
155.996410  
155.892591  
155.788683  
155.684687  
155.580603  
155.476431  
155.372171  
155.267823  
155.163387  
155.058864  
154.954254  
154.849557  
154.744772  
154.639902  
154.534944  
154.429901  
154.324771  
154.219554  
154.114252  
154.008864  
153.903390  
153.797831  
153.692186  
153.586456  
153.480642  
153.374742  
153.268758  
153.162690  
153.056537  
152.950300  
152.843980  
152.737575  
152.631088  
152.524517  
152.417863  
152.311126  
152.204306  
152.097404  
151.990419  
151.883352  
151.776203  
151.668972  
151.561660  
151.454266  
151.346792  
151.239236  
151.131599  
151.023882  
150.916085  
150.808207  
150.700249  
150.592211  
150.484094  
150.375897  
150.267621  
150.159265  
150.050830  
149.942316  
149.833724  
149.725053  
149.616303  
149.507475  
149.398569  
149.289585  
149.180522  
149.071382  
148.962164  
148.852868  
148.743496  
148.634045  
148.524518  
148.414914  
148.305234  
148.195477  
148.085644  
147.975734  
147.865749  
147.755689  
147.645553  
147.535341  
147.425055  
147.314693  
147.204257  
147.093747  
146.983161  
146.872502  
146.761769  
146.650961  
146.540080  
146.429125  
146.318096  
146.206994  
146.095819  
145.984571  
145.873250  
145.761856  
145.650390  
145.538851  
145.427241  
145.315558  
145.203804  
145.091979  
144.980082  
144.868114  
144.756074  
144.643965  
144.531784  
144.419533  
144.307212  
144.194821  
144.082360  
143.969829  
143.857228  
143.744558  
143.631818  
143.519009  
143.406131  
143.293184  
143.180168  
143.067084  
142.953931  
142.840711  
142.727422  
142.614066  
142.500642  
142.387151  
142.273593  
142.159967  
142.046275  
141.932516  
141.818691  
141.704800  
141.590842  
141.476818  
141.362729  
141.248575  
141.134355  
141.020070  
140.905720  
140.791306  
140.676828  
140.562285  
140.447678  
140.333008  
140.218274  
140.103477  
139.988617  
139.873694  
139.758707  
139.643659  
139.528548  
139.413374  
139.298139  
139.182841  
139.067482  
138.952061  
138.836579  
138.721035  
138.605430  
138.489765  
138.374038  
138.258250  
138.142402  
138.026493  
137.910524  
137.794496  
137.678407  
137.562259  
137.446051  
137.329784  
137.213458  
137.097073  
136.980630  
136.864128  
136.747568  
136.630949  
136.514273  
136.397540  
136.280749  
136.163900  
136.046995  
135.930032  
135.813013  
135.695937  
135.578804  
135.461615  
135.344370  
135.227069  
135.109713  
134.992300  
134.874832  
134.757309  
134.639731  
134.522098  
134.404411  
134.286669  
134.168872  
134.051022  
133.933118  
133.815160  
133.697149  
133.579085  
133.460967  
133.342796  
133.224573  
133.106297  
132.987969  
132.869589  
132.751157  
132.632673  
132.514137  
132.395550  
132.276911  
132.158221  
132.039480  
131.920688  
131.801846  
131.682953  
131.564010  
131.445016  
131.325973  
131.206880  
131.087738  
130.968546  
130.849305  
130.730015  
130.610677  
130.491290  
130.371855  
130.252371  
130.132840  
130.013262  
129.893635  
129.773962  
129.654241  
129.534474  
129.414660  
129.294800  
129.174894  
129.054942  
128.934943  
128.814900  
128.694810  
128.574675  
128.454495  
128.334271  
128.214001  
128.093687  
127.973328  
127.852926  
127.732479  
127.611988  
127.491454  
127.370877  
127.250256  
127.129592  
127.008885  
126.888136  
126.767344  
126.646509  
126.525633  
126.404715  
126.283755  
126.162753  
126.041711  
125.920627  
125.799502  
125.678336  
125.557130  
125.435884  
125.314597  
125.193270  
125.071903  
124.950497  
124.829051  
124.707567  
124.586043  
124.464480  
124.342878  
124.221238  
124.099560  
123.977844  
123.856089  
123.734298  
123.612468  
123.490601  
123.368698  
123.246757  
123.124779  
123.002765  
122.880714  
122.758627  
122.636504  
122.514345  
122.392150  
122.269920  
122.147655  
122.025354  
121.903019  
121.780649  
121.658244  
121.535805  
121.413332  
121.290826  
121.168285  
121.045711  
120.923104  
120.800464  
120.677790  
120.555085  
120.432346  
120.309575  
120.186772  
120.063937  
119.941071  
119.818172  
119.695242  
119.572281  
119.449289  
119.326266  
119.203212  
119.080128  
118.957014  
118.833869  
118.710695  
118.587491  
118.464258  
118.340995  
118.217703  
118.094383  
117.971033  
117.847656  
117.724250  
117.600816  
117.477355  
117.353865  
117.230349  
117.106805  
116.983234  
116.859637  
116.736012  
116.612362  
116.488685  
116.364982  
116.241253  
116.117498  
115.993719  
115.869914  
115.746083  
115.622228  
115.498349  
115.374445  
115.250517  
115.126564  
115.002588  
114.878588  
114.754565  
114.630518  
114.506449  
114.382356  
114.258241  
114.134103  
114.009942  
113.885760  
113.761555  
113.637329  
113.513081  
113.388812  
113.264522  
113.140210  
113.015878  
112.891525  
112.767152  
112.642759  
112.518345  
112.393912  
112.269459  
112.144987  
112.020496  
111.895986  
111.771457  
111.646909  
111.522343  
111.397759  
111.273156  
111.148536  
111.023898  
110.899243  
110.774571  
110.649881  
110.525174  
110.400451  
110.275712  
110.150956  
110.026184  
109.901396  
109.776592  
109.651773  
109.526939  
109.402090  
109.277226  
109.152347  
109.027453  
108.902546  
108.777624  
108.652688  
108.527739  
108.402776  
108.277800  
108.152811  
108.027809  
107.902795  
107.777767  
107.652728  
107.527676  
107.402612  
107.277537  
107.152450  
107.027352  
106.902242  
106.777122  
106.651991  
106.526849  
106.401697  
106.276535  
106.151363  
106.026181  
105.900989  
105.775788  
105.650579  
105.525360  
105.400132  
105.274896  
105.149652  
105.024399  
104.899138  
104.773870  
104.648594  
104.523311  
104.398021  
104.272724  
104.147420  
104.022110  
103.896793  
103.771470  
103.646141  
103.520807  
103.395466  
103.270121  
103.144770  
103.019415  
102.894054  
102.768690  
102.643320  
102.517947  
102.392569  
102.267188  
102.141803  
102.016415  
101.891024  
101.765629  
101.640232  
101.514832  
101.389430  
101.264026  
101.138619  
101.013211  
100.887801  
100.762390  
100.636977  
100.511564  
100.386149  
100.260735  
100.135319  
100.009904  
99.884488  
99.759072  
99.633657  
99.508243  
99.382829  
99.257416  
99.132005  
99.006594  
98.881186  
98.755779  
98.630374  
98.504971  
98.379571  
98.254173  
98.128778  
98.003385  
97.877996  
97.752611  
97.627229  
97.501850  
97.376476  
97.251106  
97.125740  
97.000379  
96.875022  
96.749670  
96.624324  
96.498983  
96.373647  
96.248317  
96.122993  
95.997676  
95.872364  
95.747059  
95.621761  
95.496470  
95.371186  
95.245909  
95.120640  
94.995379  
94.870125  
94.744880  
94.619643  
94.494415  
94.369195  
94.243984  
94.118783  
93.993590  
93.868408  
93.743235  
93.618072  
93.492919  
93.367776  
93.242644  
93.117522  
92.992412  
92.867312  
92.742224  
92.617148  
92.492083  
92.367029  
92.241988  
92.116959  
91.991943  
91.866939  
91.741948  
91.616971  
91.492006  
91.367055  
91.242118  
91.117194  
90.992284  
90.867389  
90.742508  
90.617642  
90.492790  
90.367953  
90.243132  
90.118326  
89.993536  
89.868761  
89.744002  
89.619260  
89.494534  
89.369824  
89.245131  
89.120455  
88.995797  
88.871156  
88.746532  
88.621926  
88.497338  
88.372768  
88.248217  
88.123684  
87.999171  
87.874676  
87.750200  
87.625744  
87.501307  
87.376890  
87.252493  
87.128115  
87.003759  
86.879423  
86.755107  
86.630813  
86.506539  
86.382287  
86.258056  
86.133848  
86.009661  
85.885496  
85.761353  
85.637233  
85.513135  
85.389061  
85.265009  
85.140981  
85.016977  
84.892996  
84.769039  
84.645106  
84.521198  
84.397314  
84.273455  
84.149621  
84.025812  
83.902028  
83.778270  
83.654537  
83.530831  
83.407150  
83.283496  
83.159868  
83.036266  
82.912692  
82.789144  
82.665624  
82.542132  
82.418666  
82.295229  
82.171820  
82.048439  
81.925087  
81.801764  
81.678469  
81.555203  
81.431967  
81.308760  
81.185583  
81.062436  
80.939318  
80.816231  
80.693175  
80.570149  
80.447153  
80.324189  
80.201256  
80.078354  
79.955483  
79.832644  
79.709837  
79.587062  
79.464319  
79.341609  
79.218931  
79.096286  
78.973674  
78.851095  
78.728550  
78.606038  
78.483560  
78.361117  
78.238707  
78.116331  
77.993990  
77.871684  
77.749413  
77.627177  
77.504976  
77.382810  
77.260681  
77.138587  
77.016529  
76.894507  
76.772522  
76.650574  
76.528662  
76.406787  
76.284950  
76.163150  
76.041388  
75.919663  
75.797977  
75.676329  
75.554719  
75.433149  
75.311617  
75.190124  
75.068671  
74.947257  
74.825882  
74.704548  
74.583253  
74.461999  
74.340785  
74.219612  
74.098479  
73.977387  
73.856337  
73.735328  
73.614360  
73.493434  
73.372550  
73.251708  
73.130909  
73.010152  
72.889438  
72.768767  
72.648139  
72.527555  
72.407014  
72.286516  
72.166063  
72.045653  
71.925288  
71.804967  
71.684691  
71.564459  
71.444273  
71.324131  
71.204035  
71.083985  
70.963980  
70.844022  
70.724109  
70.604243  
70.484423  
70.364650  
70.244924  
70.125245  
70.005614  
69.886030  
69.766494  
69.647006  
69.527567  
69.408176  
69.288833  
69.169539  
69.050295  
68.931099  
68.811952  
68.692856  
68.573809  
68.454811  
68.335864  
68.216966  
68.098119  
67.979322  
67.860576  
67.741881  
67.623236  
67.504642  
67.386100  
67.267609  
67.149170  
67.030782  
66.912447  
66.794164  
66.675933  
66.557755  
66.439630  
66.321558  
66.203538  
66.085572  
65.967660  
65.849801  
65.731997  
65.614246  
65.496549  
65.378907  
65.261320  
65.143787  
65.026309  
64.908886  
64.791519  
64.674207  
64.556951  
64.439751  
64.322607  
64.205520  
64.088489  
63.971515  
63.854598  
63.737739  
63.620936  
63.504192  
63.387504  
63.270875  
63.154304  
63.037791  
62.921336  
62.804940  
62.688603  
62.572324  
62.456105  
62.339945  
62.223844  
62.107803  
61.991822  
61.875901  
61.760040  
61.644239  
61.528499  
61.412819  
61.297200  
61.181643  
61.066147  
60.950712  
60.835340  
60.720029  
60.604781  
60.489595  
60.374472  
60.259411  
60.144413  
60.029479  
59.914608  
59.799800  
59.685056  
59.570375  
59.455759  
59.341207  
59.226719  
59.112295  
58.997936  
58.883642  
58.769413  
58.655249  
58.541151  
58.427118  
58.313150  
58.199249  
58.085415  
57.971646  
57.857945  
57.744310  
57.630742  
57.517241  
57.403808  
57.290443  
57.177145  
57.063914  
56.950752  
56.837658  
56.724633  
56.611675  
56.498786  
56.385966  
56.273215  
56.160533  
56.047920  
55.935377  
55.822903  
55.710498  
55.598164  
55.485900  
55.373706  
55.261583  
55.149531  
55.037549  
54.925639  
54.813800  
54.702032  
54.590337  
54.478712  
54.367160  
54.255680  
54.144273  
54.032937  
53.921675  
53.810485  
53.699368  
53.588325  
53.477355  
53.366458  
53.255635  
53.144885  
53.034210  
52.923610  
52.813084  
52.702632  
52.592256  
52.481955  
52.371729  
52.261579  
52.151505  
52.041506  
51.931584  
51.821737  
51.711967  
51.602273  
51.492657  
51.383117  
51.273654  
51.164268  
51.054959  
50.945728  
50.836575  
50.727500  
50.618502  
50.509583  
50.400742  
50.291980  
50.183296  
50.074691  
49.966166  
49.857719  
49.749353  
49.641066  
49.532859  
49.424733  
49.316687  
49.208722  
49.100837  
48.993033  
48.885311  
48.777670  
48.670110  
48.562632  
48.455236  
48.347922  
48.240690  
48.133540  
48.026472  
47.919487  
47.812585  
47.705766  
47.599030  
47.492377  
47.385808  
47.279322  
47.172920  
47.066602  
46.960369  
46.854220  
46.748157  
46.642178  
46.536284  
46.430475  
46.324752  
46.219115  
46.113563  
46.008097  
45.902716  
45.797422  
45.692213  
45.587090  
45.482053  
45.377102  
45.272236  
45.167457  
45.062764  
44.958157  
44.853637  
44.749203  
44.644856  
44.540595  
44.436422  
44.332336  
44.228337  
44.124426  
44.020602  
43.916867  
43.813219  
43.709660  
43.606189  
43.502806  
43.399512  
43.296307  
43.193191  
43.090164  
42.987226  
42.884378  
42.781619  
42.678950  
42.576371  
42.473882  
42.371483  
42.269175  
42.166957  
42.064829  
41.962793  
41.860848  
41.758993  
41.657230  
41.555559  
41.453980  
41.352493  
41.251098  
41.149795  
41.048584  
40.947467  
40.846442  
40.745509  
40.644670  
40.543923  
40.443270  
40.342710  
40.242244  
40.141871  
40.041591  
39.941406  
39.841314  
39.741317  
39.641414  
39.541605  
39.441892  
39.342273  
39.242749  
39.143321  
39.043987  
38.944750  
38.845607  
38.746561  
38.647610  
38.548755  
38.449996  
38.351333  
38.252766  
38.154296  
38.055922  
37.957646  
37.859465  
37.761382  
37.663396  
37.565507  
37.467715  
37.370021  
37.272425  
37.174926  
37.077525  
36.980222  
36.883018  
36.785912  
36.688904  
36.591996  
36.495186  
36.398475  
36.301863  
36.205351  
36.108940  
36.012628  
35.916416  
35.820306  
35.724296  
35.628389  
35.532584  
35.436880  
35.341280  
35.245783  
35.150389  
35.055100  
34.959914  
34.864832  
34.769856  
34.674984  
34.580217  
34.485557  
34.391002  
34.296553  
34.202210  
34.107973  
34.013843  
33.919820  
33.825903  
33.732093  
33.638390  
33.544794  
33.451306  
33.357924  
33.264651  
33.171484  
33.078425  
32.985475  
32.892632  
32.799898  
32.707272  
32.614754  
32.522345  
32.430046  
32.337855  
32.245774  
32.153803  
32.061941  
31.970190  
31.878549  
31.787019  
31.695600  
31.604293  
31.513097  
31.422013  
31.331041  
31.240181  
31.149434  
31.058799  
30.968277  
30.877868  
30.787572  
30.697390  
30.607321  
30.517366  
30.427525  
30.337798  
30.248185  
30.158687  
30.069304  
29.980036  
29.890884  
29.801847  
29.712926  
29.624121  
29.535432  
29.446860  
29.358405  
29.270066  
29.181844  
29.093739  
29.005752  
28.917882  
28.830130  
28.742496  
28.654980  
28.567583  
28.480304  
28.393144  
28.306103  
28.219182  
28.132380  
28.045698  
27.959136  
27.872695  
27.786375  
27.700176  
27.614099  
27.528142  
27.442308  
27.356596  
27.271006  
27.185538  
27.100192  
27.014969  
26.929867  
26.844885  
26.760021  
26.675276  
26.590647  
26.506133  
26.421734  
26.337447  
26.253272  
26.169208  
26.085254  
26.001410  
25.917673  
25.834045  
25.750525  
25.667113  
25.583807  
25.500609  
25.417519  
25.334536  
25.251660  
25.168892  
25.086232  
25.003680  
24.921237  
24.838902  
24.756676  
24.674559  
24.592552  
24.510653  
24.428865  
24.347186  
24.265616  
24.184157  
24.102807  
24.021568  
23.940438  
23.859419  
23.778510  
23.697711  
23.617021  
23.536442  
23.455972  
23.375611  
23.295360  
23.215219  
23.135186  
23.055261  
22.975446  
22.895739  
22.816140  
22.736649  
22.657266  
22.577991  
22.498824  
22.419763  
22.340810  
22.261965  
22.183226  
22.104594  
22.026069  
21.947651  
21.869339  
21.791133  
21.713034  
21.635041  
21.557154  
21.479373  
21.401698  
21.324129  
21.246665  
21.169306  
21.092053  
21.014905  
20.937861  
20.860923  
20.784089  
20.707359  
20.630734  
20.554213  
20.477795  
20.401482  
20.325273  
20.249167  
20.173164  
20.097265  
20.021469  
19.945775  
19.870184  
19.794696  
19.719310  
19.644026  
19.568844  
19.493764  
19.418785  
19.343908  
19.269132  
19.194456  
19.119883  
19.045412  
18.971048  
18.896795  
18.822657  
18.748640  
18.674749  
18.600990  
18.527369  
18.453891  
18.380561  
18.307385  
18.234366  
18.161507  
18.088813  
18.016285  
17.943926  
17.871737  
17.799719  
17.727873  
17.656199  
17.584698  
17.513368  
17.442211  
17.371225  
17.300410  
17.229765  
17.159290  
17.088985  
17.018849  
16.948882  
16.879084  
16.809456  
16.739996  
16.670705  
16.601584  
16.532632  
16.463851  
16.395242  
16.326804  
16.258539  
16.190449  
16.122534  
16.054795  
15.987234  
15.919853  
15.852652  
15.785633  
15.718796  
15.652145  
15.585679  
15.519399  
15.453307  
15.387403  
15.321690  
15.256168  
15.190838  
15.125701  
15.060760  
14.996014  
14.931464  
14.867113  
14.802961  
14.739009  
14.675258  
14.611708  
14.548360  
14.485216  
14.422275  
14.359540  
14.297009  
14.234685  
14.172568  
14.110659  
14.048960  
13.987470  
13.926191  
13.865125  
13.804272  
13.743633  
13.683208  
13.622999  
13.563007  
13.503234  
13.443680  
13.384346  
13.325234  
13.266342  
13.207675  
13.149232  
13.091016  
13.033027  
12.975266  
12.917733  
12.860431  
12.803361  
12.746524  
12.689921  
12.633552  
12.577418  
12.521514  
12.465829  
12.410349  
12.355057  
12.299935  
12.244966  
12.190130  
12.135412  
12.080794  
12.026262  
11.971801  
11.917398  
11.863042  
11.808723  
11.754432  
11.700163  
11.645909  
11.591664  
11.537426  
11.483190  
11.428953  
11.374713  
11.320467  
11.266214  
11.211951  
11.157677  
11.103390  
11.049090  
10.994774  
10.940442  
10.886093  
10.831727  
10.777343  
10.722940  
10.668517  
10.614075  
10.559614  
10.505132  
10.450629  
10.396106  
10.341561  
10.286994  
10.232404  
10.177790  
10.123152  
10.068487  
10.013795  
9.959074  
9.904322  
9.849537  
9.794718  
9.739862  
9.684966  
9.630028  
9.575044  
9.520011  
9.464925  
9.409781  
9.354577  
9.299306  
9.243965  
9.188549  
9.133051  
9.077467  
9.021791  
8.966017  
8.910140  
8.854153  
8.798050  
8.741824  
8.685468  
8.628977  
8.572343  
8.515560  
8.458622  
8.401522  
8.344253  
8.286809  
8.229183  
8.171370  
8.113363  
8.055157  
7.996745  
7.938121  
7.879281  
7.820219  
7.760928  
7.701403  
7.641641  
7.581638  
7.521388  
7.460887  
7.400131  
7.339113  
7.277828  
7.216269  
7.154432  
7.092313  
7.029904  
6.967203  
6.904223  
6.841008  
6.777620  
6.714130  
6.650607  
6.587118  
6.523728  
6.460503  
6.397519  
6.334877  
6.272705  
6.211146  
6.150323  
6.090290  
6.031050  
5.972598  
5.914922  
5.858012  
5.801851  
5.746421  
5.691703  
5.637680  
5.584342  
5.531684  
5.479694  
5.428365  
5.377687  
5.327651  
5.278248  
5.229467  
5.181300  
5.133738  
5.086777  
5.040411  
4.994632  
4.949435  
4.904814  
4.860766  
4.817287  
4.774374  
4.732024  
4.690236  
4.649007  
4.608335  
4.568218  
4.528656  
4.489647  
4.451190  
4.413285  
4.375931  
4.339129  
4.302879  
4.267181  
4.232036  
4.197446  
4.163410  
4.129932  
4.097012  
4.064651  
4.032853  
4.001618  
3.970949  
3.940848  
3.911315  
3.882352  
3.853959  
3.826135  
3.798879  
3.772191  
3.746068  
3.720507  
3.695507  
3.671065  
3.647179  
3.623849  
3.601075  
3.578856  
3.557191  
3.536080  
3.515523  
3.495519  
3.476069  
3.457172  
3.438829  
3.421040  
3.403802  
3.387118  
3.370984  
3.355402  
3.340370  
3.325889  
3.311958  
3.298577  
3.285745  
3.273464  
3.261731  
3.250548  
3.239915  
3.229829  
3.220293  
3.211305  
3.202865  
3.194972  
3.187627  
3.180829  
3.174577  
3.168870  
3.163713  
3.159112  
3.155073  
3.151604  
3.148717  
3.146422  
3.144735  
3.143669  
3.143238  
3.143457  
3.144341  
3.145903  
3.148159  
3.151124  
3.154814  
3.159246  
3.164435  
3.170396  
3.177137  
3.184660  
3.192951  
3.201986  
3.211722  
3.222094  
3.233013  
3.244394  
3.256129  
3.268109  
3.280232  
3.292398  
3.304518  
3.316509  
3.328300  
3.339823  
3.350990  
3.361682  
3.371735  
3.380995  
3.389367  
3.396830  
3.403399  
3.409103  
3.413971  
3.418028  
3.421294  
3.423789  
3.425534  
3.426552  
3.426867  
3.426502  
3.425477  
