0.000000  
0.000031  
0.000072  
0.000111  
0.000139  
0.000175  
0.000209  
0.000239  
0.000267  
0.000283  
0.000305  
0.000323  
0.000330  
0.000342  
0.000351  
0.000358  
0.000353  
0.000355  
0.000354  
0.000343  
0.000338  
0.000332  
0.000317  
0.000308  
0.000298  
0.000281  
0.000271  
0.000253  
0.000242  
0.000232  
0.000215  
0.000206  
0.000190  
0.000182  
0.000169  
0.000162  
0.000156  
0.000145  
0.000141  
0.000132  
0.000130  
0.000123  
0.000123  
0.000118  
0.000119  
0.000116  
0.000118  
0.000116  
0.000120  
0.000119  
0.000123  
0.000124  
0.000129  
0.000130  
0.000135  
0.000137  
0.000142  
0.000144  
0.000147  
0.000152  
0.000155  
0.000160  
0.000163  
0.000168  
0.000171  
0.000173  
0.000178  
0.000180  
0.000185  
0.000187  
0.000189  
0.000193  
0.000195  
0.000198  
0.000200  
0.000201  
0.000203  
0.000204  
0.000206  
0.000207  
0.000207  
0.000208  
0.000208  
0.000209  
0.000208  
0.000207  
0.000207  
0.000206  
0.000205  
0.000204  
0.000202  
0.000201  
0.000199  
0.000197  
0.000195  
0.000194  
0.000191  
0.000189  
0.000187  
0.000185  
0.000182  
0.000180  
0.000178  
0.000176  
0.000174  
0.000172  
0.000169  
0.000168  
0.000166  
0.000163  
0.000162  
0.000160  
0.000158  
0.000156  
0.000155  
0.000152  
0.000151  
0.000150  
0.000147  
0.000146  
0.000145  
0.000142  
0.000141  
0.000137  
0.000136  
0.000135  
0.000131  
0.000129  
0.000128  
0.000124  
0.000122  
0.000120  
0.000115  
0.000114  
0.000112  
0.000106  
0.000104  
0.000102  
0.000097  
0.000094  
0.000089  
0.000086  
0.000084  
0.000078  
0.000075  
0.000073  
0.000067  
0.000064  
0.000058  
0.000055  
0.000053  
0.000046  
0.000044  
0.000042  
0.000035  
0.000033  
0.000026  
0.000024  
0.000022  
0.000015  
0.000013  
0.000006  
0.000004  
-0.000003  
-0.000005  
-0.000007  
-0.000014  
-0.000016  
-0.000024  
-0.000025  
-0.000034  
-0.000035  
-0.000044  
-0.000045  
-0.000047  
-0.000055  
-0.000057  
-0.000066  
-0.000067  
-0.000076  
-0.000078  
-0.000087  
-0.000089  
-0.000098  
-0.000100  
-0.000110  
-0.000111  
-0.000121  
-0.000122  
-0.000133  
-0.000143  
-0.000144  
-0.000155  
-0.000156  
-0.000167  
-0.000168  
-0.000178  
-0.000190  
-0.000190  
-0.000201  
-0.000202  
-0.000213  
-0.000224  
-0.000225  
-0.000236  
-0.000248  
-0.000247  
-0.000259  
-0.000271  
-0.000270  
-0.000282  
-0.000294  
-0.000293  
-0.000305  
-0.000317  
-0.000329  
-0.000328  
-0.000340  
-0.000353  
-0.000365  
-0.000378  
-0.000375  
-0.000388  
-0.000400  
-0.000413  
-0.000426  
-0.000439  
-0.000452  
-0.000448  
-0.000461  
-0.000474  
-0.000487  
-0.000500  
-0.000513  
-0.000527  
-0.000540  
-0.000553  
-0.000566  
-0.000580  
-0.000593  
-0.000606  
-0.000620  
-0.000633  
-0.000668  
-0.000681  
-0.000695  
-0.000708  
-0.000722  
-0.000735  
-0.000772  
-0.000785  
-0.000798  
-0.000811  
-0.000850  
-0.000863  
-0.000876  
-0.000915  
-0.000928  
-0.000968  
-0.000980  
-0.001022  
-0.001034  
-0.001076  
-0.001087  
-0.001130  
-0.001141  
-0.001185  
-0.001229  
-0.001274  
-0.001284  
-0.001329  
-0.001375  
-0.001421  
-0.001468  
-0.001516  
-0.001564  
-0.001613  
-0.001662  
-0.001711  
-0.001761  
-0.001810  
-0.001857  
-0.001951  
-0.001997  
-0.002040  
-0.002133  
-0.002174  
-0.002267  
-0.002359  
-0.002395  
-0.002486  
-0.002577  
-0.002667  
-0.002756  
-0.002845  
-0.002933  
-0.003020  
-0.003106  
-0.003190  
-0.003343  
-0.003425  
-0.003579  
-0.003658  
-0.003813  
-0.003969  
-0.004124  
-0.004281  
-0.004436  
-0.004591  
-0.004745  
-0.004897  
-0.005144  
-0.005293  
-0.005542  
-0.005792  
-0.006044  
-0.006296  
-0.006547  
-0.006917  
-0.007168  
-0.007542  
-0.007920  
-0.008299  
-0.008678  
-0.009056  
-0.009430  
-0.009957  
-0.010487  
-0.011020  
-0.011554  
-0.012264  
-0.012983  
-0.013707  
-0.014433  
-0.015159  
-0.016095  
-0.017039  
-0.018216  
-0.019169  
-0.020364  
-0.021824  
-0.023035  
-0.024515  
-0.026283  
-0.027773  
-0.029548  
-0.031620  
-0.033682  
-0.035718  
-0.038025  
-0.040266  
-0.042727  
-0.044732  
-0.046875  
-0.049087  
-0.050707  
-0.052269  
-0.053415  
-0.054092  
-0.054255  
-0.053867  
-0.052908  
-0.051376  
-0.049286  
-0.046590  
-0.043457  
-0.039929  
-0.036052  
-0.031936  
-0.027705  
-0.023387  
-0.019183  
-0.015130  
-0.011519  
-0.008274  
-0.005432  
-0.002930  
-0.000758  
0.001097  
0.002625  
0.003889  
0.004857  
0.005567  
0.006034  
0.006267  
0.006298  
0.006138  
0.005808  
0.005323  
0.004696  
0.003943  
0.003088  
0.002120  
0.001081  
-0.000051  
-0.001227  
-0.002452  
-0.003714  
-0.005000  
-0.006295  
-0.007586  
-0.008859  
-0.010105  
-0.011314  
-0.012439  
-0.013552  
-0.014569  
-0.015570  
-0.016466  
-0.017299  
-0.018117  
-0.018823  
-0.019464  
-0.020041  
-0.020554  
-0.021005  
-0.021393  
-0.021722  
-0.021993  
-0.022207  
-0.022367  
-0.022475  
-0.022535  
-0.022550  
-0.022450  
-0.022382  
-0.022279  
-0.022145  
-0.021904  
-0.021717  
-0.021509  
-0.021200  
-0.020961  
-0.020624  
-0.020369  
-0.020111  
-0.019761  
-0.019509  
-0.019167  
-0.018932  
-0.018610  
-0.018405  
-0.018112  
-0.017944  
-0.017798  
-0.017564  
-0.017463  
-0.017271  
-0.017220  
-0.017073  
-0.017073  
-0.016974  
-0.017025  
-0.016973  
-0.017076  
-0.017069  
-0.017220  
-0.017396  
-0.017449  
-0.017665  
-0.017750  
-0.018001  
-0.018268  
-0.018390  
-0.018683  
-0.018988  
-0.019136  
-0.019459  
-0.019765  
-0.020046  
-0.020301  
-0.020357  
-0.020559  
-0.020736  
-0.020888  
-0.021017  
-0.021125  
-0.021214  
-0.021285  
-0.021340  
-0.021380  
-0.021409  
-0.021428  
-0.021437  
-0.021440  
-0.021609  
-0.021602  
-0.021591  
-0.021578  
-0.021563  
-0.021547  
-0.021702  
-0.021687  
-0.021673  
-0.021830  
-0.021819  
-0.021810  
-0.021973  
-0.021969  
-0.021969  
-0.022138  
-0.022142  
-0.022315  
-0.022324  
-0.022501  
-0.022514  
-0.022530  
-0.022711  
-0.022731  
-0.022915  
-0.023099  
-0.023123  
-0.023308  
-0.023333  
-0.023517  
-0.023542  
-0.023724  
-0.023903  
-0.023924  
-0.024098  
-0.024269  
-0.024283  
-0.024448  
-0.024458  
-0.024616  
-0.024770  
-0.024772  
-0.024920  
-0.025064  
-0.025204  
-0.025196  
-0.025329  
-0.025458  
-0.025442  
-0.025565  
-0.025683  
-0.025798  
-0.025774  
-0.025884  
-0.025990  
-0.025960  
-0.026060  
-0.026157  
-0.026122  
-0.026213  
-0.026300  
-0.026383  
-0.026339  
-0.026415  
-0.026488  
-0.026437  
-0.026503  
-0.026566  
-0.026510  
-0.026566  
-0.026620  
-0.026559  
-0.026607  
-0.026652  
-0.026587  
-0.026627  
-0.026663  
-0.026594  
-0.026626  
-0.026556  
-0.026588  
-0.026538  
-0.026603  
-0.026586  
-0.026684  
-0.026796  
-0.026823  
-0.026962  
-0.027012  
-0.027171  
-0.027238  
-0.027312  
-0.027490  
-0.027572  
-0.027757  
-0.027842  
-0.028028  
-0.028112  
-0.028192  
-0.028372  
-0.028446  
-0.028618  
-0.028681  
-0.028739  
-0.028894  
-0.028939  
-0.028977  
-0.029113  
-0.029139  
-0.029157  
-0.029275  
-0.029282  
-0.029282  
-0.029383  
-0.029372  
-0.029356  
-0.029442  
-0.029415  
-0.029385  
-0.029349  
-0.029419  
-0.029376  
-0.029330  
-0.029281  
-0.029339  
-0.029285  
-0.029229  
-0.029172  
-0.029224  
-0.029164  
-0.029103  
-0.029042  
-0.028980  
-0.029031  
-0.028969  
-0.028908  
-0.028847  
-0.028788  
-0.028843  
-0.028787  
-0.028731  
-0.028678  
-0.028626  
-0.028693  
-0.028646  
-0.028601  
-0.028558  
-0.028518  
-0.028480  
-0.028444  
-0.028530  
-0.028500  
-0.028473  
-0.028449  
-0.028427  
-0.028408  
-0.028513  
-0.028500  
-0.028488  
-0.028479  
-0.028472  
-0.028467  
-0.028463  
-0.028586  
-0.028587  
-0.028588  
-0.028591  
-0.028595  
-0.028600  
-0.028606  
-0.028741  
-0.028749  
-0.028758  
-0.028768  
-0.028778  
-0.028789  
-0.028800  
-0.028944  
-0.028957  
-0.028971  
-0.028981  
-0.028985  
-0.028985  
-0.028980  
-0.029103  
-0.029090  
-0.029073  
-0.029053  
-0.029030  
-0.029005  
-0.029109  
-0.029081  
-0.029051  
-0.029021  
-0.028990  
-0.028959  
-0.029060  
-0.029030  
-0.029001  
-0.028973  
-0.028946  
-0.028921  
-0.029026  
-0.029004  
-0.028982  
-0.028963  
-0.028944  
-0.029057  
-0.029042  
-0.029028  
-0.029015  
-0.029004  
-0.028994  
-0.029114  
-0.029107  
-0.029100  
-0.029094  
-0.029089  
-0.029213  
-0.029210  
-0.029207  
-0.029204  
-0.029202  
-0.029328  
-0.029326  
-0.029324  
-0.029323  
-0.029321  
-0.029447  
-0.029446  
-0.029444  
-0.029442  
-0.029440  
-0.029564  
-0.029561  
-0.029557  
-0.029553  
-0.029675  
-0.029670  
-0.029665  
-0.029659  
-0.029652  
-0.029770  
-0.029762  
-0.029753  
-0.029743  
-0.029732  
-0.029846  
-0.029833  
-0.029820  
-0.029806  
-0.029915  
-0.029899  
-0.029882  
-0.029864  
-0.029846  
-0.029950  
-0.029930  
-0.029909  
-0.029887  
-0.029864  
-0.029963  
-0.029939  
-0.029914  
-0.029889  
-0.029985  
-0.029958  
-0.029931  
-0.029903  
-0.029875  
-0.029968  
-0.029940  
-0.029910  
-0.029881  
-0.029851  
-0.029941  
-0.029911  
-0.029880  
-0.029849  
-0.029938  
-0.029908  
-0.029879  
-0.029852  
-0.029827  
-0.029923  
-0.029900  
-0.029878  
-0.029857  
-0.029837  
-0.029938  
-0.029920  
-0.029902  
-0.029884  
-0.029987  
-0.029969  
-0.029952  
-0.029934  
-0.029916  
-0.030019  
-0.030001  
-0.029982  
-0.029962  
-0.029942  
-0.030043  
-0.030022  
-0.030000  
-0.029978  
-0.029955  
-0.030052  
-0.030028  
-0.030003  
-0.029978  
-0.030074  
-0.030048  
-0.030021  
-0.029994  
-0.029966  
-0.029938  
-0.030031  
-0.030003  
-0.029973  
-0.029944  
-0.030036  
-0.030006  
-0.029977  
-0.029947  
-0.029916  
-0.030008  
-0.029977  
-0.029947  
-0.029916  
-0.029886  
-0.029855  
-0.029946  
-0.029916  
-0.029885  
-0.029855  
-0.029825  
-0.029917  
-0.029888  
-0.029858  
-0.029829  
-0.029922  
-0.029894  
-0.029865  
-0.029837  
-0.029809  
-0.029903  
-0.029876  
-0.029848  
-0.029821  
-0.029793  
-0.029889  
-0.029862  
-0.029836  
-0.029810  
-0.029783  
-0.029880  
-0.029854  
-0.029829  
-0.029803  
-0.029778  
-0.029876  
-0.029851  
-0.029826  
-0.029802  
-0.029777  
-0.029877  
-0.029853  
-0.029829  
-0.029805  
-0.029781  
-0.029882  
-0.029858  
-0.029835  
-0.029812  
-0.029913  
-0.029890  
-0.029867  
-0.029844  
-0.029821  
-0.029797  
-0.029896  
-0.029871  
-0.029845  
-0.029818  
-0.029915  
-0.029887  
-0.029859  
-0.029831  
-0.029802  
-0.029898  
-0.029869  
-0.029839  
-0.029810  
-0.029781  
-0.029876  
-0.029847  
-0.029818  
-0.029789  
-0.029760  
-0.029856  
-0.029828  
-0.029800  
-0.029772  
-0.029745  
-0.029842  
-0.029815  
-0.029788  
-0.029762  
-0.029860  
-0.029834  
-0.029809  
-0.029783  
-0.029758  
-0.029857  
-0.029832  
-0.029808  
-0.029783  
-0.029759  
-0.029858  
-0.029834  
-0.029810  
-0.029786  
-0.029763  
-0.029863  
-0.029839  
-0.029816  
-0.029792  
-0.029893  
-0.029869  
-0.029846  
-0.029823  
-0.029800  
-0.029900  
-0.029877  
-0.029853  
-0.029830  
-0.029806  
-0.029906  
-0.029882  
-0.029859  
-0.029835  
-0.029934  
-0.029910  
-0.029886  
-0.029862  
-0.029837  
-0.029813  
-0.029912  
-0.029887  
-0.029862  
-0.029837  
-0.029812  
-0.029911  
-0.029886  
-0.029861  
-0.029836  
-0.029934  
-0.029910  
-0.029885  
-0.029860  
-0.029834  
-0.029933  
-0.029907  
-0.029882  
-0.029857  
-0.029832  
-0.029930  
-0.029904  
-0.029879  
-0.029854  
-0.029952  
-0.029926  
-0.029901  
-0.029875  
-0.029850  
-0.029824  
-0.029921  
-0.029896  
-0.029870  
-0.029845  
-0.029942  
-0.029917  
-0.029891  
-0.029865  
-0.029840  
-0.029937  
-0.029911  
-0.029886  
-0.029860  
-0.029834  
-0.029932  
-0.029906  
-0.029880  
-0.029854  
-0.029951  
-0.029926  
-0.029900  
-0.029874  
-0.029848  
-0.029945  
-0.029919  
-0.029893  
-0.029867  
-0.029841  
-0.029938  
-0.029912  
-0.029886  
-0.029860  
-0.029834  
-0.029930  
-0.029904  
-0.029878  
-0.029852  
-0.029827  
-0.029924  
-0.029898  
-0.029872  
-0.029846  
-0.029944  
-0.029918  
-0.029893  
-0.029867  
-0.029841  
-0.029939  
-0.029913  
-0.029888  
-0.029862  
-0.029836  
-0.029810  
-0.029908  
-0.029882  
-0.029857  
-0.029954  
-0.029929  
-0.029903  
-0.029878  
-0.029852  
-0.029827  
-0.029924  
-0.029899  
-0.029873  
-0.029848  
-0.029945  
-0.029920  
-0.029894  
-0.029869  
-0.029843  
-0.029818  
-0.029915  
-0.029890  
-0.029864  
-0.029839  
-0.029937  
-0.029911  
-0.029886  
-0.029861  
-0.029836  
-0.029934  
-0.029909  
-0.029884  
-0.029859  
-0.029833  
-0.029932  
-0.029907  
-0.029882  
-0.029857  
-0.029955  
-0.029930  
-0.029905  
-0.029880  
-0.029855  
-0.029830  
-0.029928  
-0.029903  
-0.029878  
-0.029853  
-0.029952  
-0.029927  
-0.029902  
-0.029876  
-0.029850  
-0.029948  
-0.029922  
-0.029896  
-0.029870  
-0.029967  
-0.029939  
-0.029913  
-0.029885  
-0.029859  
-0.029831  
-0.029927  
-0.029900  
-0.029873  
-0.029845  
-0.029818  
-0.029914  
-0.029888  
-0.029861  
-0.029834  
-0.029931  
-0.029905  
-0.029878  
-0.029853  
-0.029826  
-0.029923  
-0.029898  
-0.029872  
-0.029846  
-0.029821  
-0.029918  
-0.029893  
-0.029867  
-0.029842  
-0.029817  
-0.029915  
-0.029889  
-0.029864  
-0.029839  
-0.029938  
-0.029912  
-0.029887  
-0.029863  
-0.029837  
-0.029813  
-0.029911  
-0.029886  
-0.029861  
-0.029836  
-0.029934  
-0.029910  
-0.029885  
-0.029861  
-0.029835  
-0.029811  
-0.029909  
-0.029884  
-0.029859  
-0.029835  
-0.029934  
-0.029909  
-0.029884  
-0.029859  
-0.029835  
-0.029933  
-0.029908  
-0.029883  
-0.029859  
-0.029957  
-0.029932  
-0.029907  
-0.029882  
-0.029857  
-0.029955  
-0.029929  
-0.029904  
-0.029878  
-0.029853  
-0.029951  
-0.029925  
-0.029899  
-0.029873  
-0.029848  
-0.029945  
-0.029919  
-0.029893  
-0.029868  
-0.029841  
-0.029939  
-0.029914  
-0.029888  
-0.029863  
-0.029960  
-0.029935  
-0.029910  
-0.029885  
-0.029859  
-0.029957  
-0.029931  
-0.029905  
-0.029879  
-0.029977  
-0.029950  
-0.029924  
-0.029896  
-0.029870  
-0.029843  
-0.029939  
-0.029912  
-0.029884  
-0.029858  
-0.029954  
-0.029926  
-0.029899  
-0.029872  
-0.029845  
-0.029818  
-0.029914  
-0.029888  
-0.029862  
-0.029835  
-0.029932  
-0.029906  
-0.029880  
-0.029854  
-0.029828  
-0.029926  
-0.029900  
-0.029874  
-0.029849  
-0.029946  
-0.029922  
-0.029896  
-0.029870  
-0.029845  
-0.029819  
-0.029917  
-0.029892  
-0.029866  
-0.029841  
-0.029939  
-0.029914  
-0.029889  
-0.029863  
-0.029838  
-0.029936  
-0.029911  
-0.029885  
-0.029861  
-0.029836  
-0.029933  
-0.029908  
-0.029883  
-0.029857  
-0.029833  
-0.029808  
-0.029905  
-0.029880  
-0.029856  
-0.029954  
-0.029929  
-0.029905  
-0.029880  
-0.029855  
-0.029830  
-0.029928  
-0.029903  
-0.029878  
-0.029853  
-0.029951  
-0.029926  
-0.029902  
-0.029877  
-0.029851  
-0.029950  
-0.029923  
-0.029899  
-0.029874  
-0.029848  
-0.029945  
-0.029921  
-0.029895  
-0.029869  
-0.029844  
-0.029942  
-0.029916  
-0.029891  
-0.029866  
-0.029964  
-0.029938  
-0.029913  
-0.029888  
-0.029863  
-0.029837  
-0.029935  
-0.029910  
-0.029885  
-0.029860  
-0.029958  
-0.029932  
-0.029907  
-0.029880  
-0.029854  
-0.029952  
-0.029925  
-0.029899  
-0.029872  
-0.029845  
-0.029942  
-0.029915  
-0.029889  
-0.029862  
-0.029959  
-0.029932  
-0.029905  
-0.029879  
-0.029852  
-0.029825  
-0.029921  
-0.029894  
-0.029868  
-0.029841  
-0.029815  
-0.029912  
-0.029887  
-0.029860  
-0.029834  
-0.029932  
-0.029906  
-0.029881  
-0.029856  
-0.029830  
-0.029928  
-0.029903  
-0.029878  
-0.029853  
-0.029827  
-0.029926  
-0.029900  
-0.029875  
-0.029850  
-0.029948  
-0.029923  
-0.029898  
-0.029873  
-0.029847  
-0.029945  
-0.029920  
-0.029895  
-0.029869  
-0.029843  
-0.029942  
-0.029916  
-0.029890  
-0.029865  
-0.029840  
-0.029814  
-0.029912  
-0.029886  
-0.029861  
-0.029836  
-0.029933  
-0.029909  
-0.029883  
-0.029859  
-0.029956  
-0.029932  
-0.029907  
-0.029881  
-0.029856  
-0.029954  
-0.029929  
-0.029904  
-0.029878  
-0.029852  
-0.029827  
-0.029925  
-0.029899  
-0.029874  
-0.029848  
-0.029946  
-0.029921  
-0.029895  
-0.029870  
-0.029844  
-0.029942  
-0.029917  
-0.029892  
-0.029867  
-0.029842  
-0.029940  
-0.029915  
-0.029889  
-0.029864  
-0.029963  
-0.029938  
-0.029912  
-0.029888  
-0.029862  
-0.029837  
-0.029934  
-0.029908  
-0.029882  
-0.029856  
-0.029953  
-0.029927  
-0.029900  
-0.029873  
-0.029847  
-0.029944  
-0.029917  
-0.029891  
-0.029864  
-0.029837  
-0.029934  
-0.029907  
-0.029880  
-0.029853  
-0.029951  
-0.029923  
-0.029897  
-0.029871  
-0.029844  
-0.029941  
-0.029915  
-0.029888  
-0.029862  
-0.029835  
-0.029809  
-0.029907  
-0.029880  
-0.029855  
-0.029828  
-0.029925  
-0.029900  
-0.029875  
-0.029849  
-0.029824  
-0.029922  
-0.029896  
-0.029872  
-0.029846  
-0.029821  
-0.029919  
-0.029895  
-0.029869  
-0.029844  
-0.029942  
-0.029918  
-0.029893  
-0.029868  
-0.029843  
-0.029941  
-0.029916  
-0.029891  
-0.029865  
-0.029841  
-0.029938  
-0.029913  
-0.029888  
-0.029862  
-0.029837  
-0.029935  
-0.029910  
-0.029884  
-0.029859  
-0.029956  
-0.029931  
-0.029906  
-0.029880  
-0.029854  
-0.029829  
-0.029927  
-0.029901  
-0.029876  
-0.029850  
-0.029948  
-0.029922  
-0.029897  
-0.029871  
-0.029846  
-0.029943  
-0.029918  
-0.029893  
-0.029868  
-0.029843  
-0.029939  
-0.029914  
-0.029889  
-0.029864  
-0.029963  
-0.029937  
-0.029912  
-0.029886  
-0.029861  
-0.029835  
-0.029934  
-0.029909  
-0.029883  
-0.029858  
-0.029954  
-0.029928  
-0.029903  
-0.029877  
-0.029851  
-0.029825  
-0.029921  
-0.029894  
-0.029868  
-0.029842  
-0.029938  
-0.029912  
-0.029886  
-0.029860  
-0.029833  
-0.029930  
-0.029904  
-0.029877  
-0.029851  
-0.029949  
-0.029923  
-0.029896  
-0.029871  
-0.029845  
-0.029942  
-0.029915  
-0.029890  
-0.029864  
-0.029837  
-0.029935  
-0.029908  
-0.029883  
-0.029857  
-0.029831  
-0.029928  
-0.029902  
-0.029877  
-0.029851  
-0.029825  
-0.029923  
-0.029897  
-0.029871  
-0.029846  
-0.029944  
-0.029919  
-0.029893  
-0.029868  
-0.029843  
-0.029940  
-0.029915  
-0.029889  
-0.029865  
-0.029839  
-0.029936  
-0.029912  
-0.029886  
-0.029860  
-0.029834  
-0.029933  
-0.029907  
-0.029882  
-0.029856  
-0.029955  
-0.029929  
-0.029904  
-0.029878  
-0.029853  
-0.029827  
-0.029925  
-0.029900  
-0.029875  
-0.029848  
-0.029823  
-0.029921  
-0.029896  
-0.029871  
-0.029846  
-0.029821  
-0.029920  
-0.029895  
-0.029870  
-0.029846  
-0.029944  
-0.029920  
-0.029896  
-0.029870  
-0.029846  
-0.029945  
-0.029920  
-0.029895  
-0.029870  
-0.029845  
-0.029944  
-0.029919  
-0.029894  
-0.029869  
-0.029844  
-0.029942  
-0.029918  
-0.029892  
-0.029867  
-0.029964  
-0.029938  
-0.029911  
-0.029885  
-0.029859  
-0.029955  
-0.029929  
-0.029903  
-0.029875  
-0.029849  
-0.029944  
-0.029918  
-0.029891  
-0.029863  
-0.029837  
-0.029933  
-0.029906  
-0.029879  
-0.029853  
-0.029826  
-0.029923  
-0.029897  
-0.029869  
-0.029844  
-0.029818  
-0.029914  
-0.029889  
-0.029863  
-0.029837  
-0.029935  
-0.029909  
-0.029884  
-0.029858  
-0.029832  
-0.029931  
-0.029905  
-0.029879  
-0.029855  
-0.029952  
-0.029926  
-0.029902  
-0.029876  
-0.029850  
-0.029948  
-0.029923  
-0.029897  
-0.029871  
-0.029845  
-0.029819  
-0.029917  
-0.029891  
-0.029865  
-0.029840  
-0.029938  
-0.029912  
-0.029887  
-0.029862  
-0.029836  
-0.029935  
-0.029909  
-0.029883  
-0.029859  
-0.029833  
-0.029931  
-0.029905  
-0.029881  
-0.029856  
-0.029830  
-0.029928  
-0.029903  
-0.029878  
-0.029853  
-0.029951  
-0.029926  
-0.029901  
-0.029876  
-0.029850  
-0.029825  
-0.029922  
-0.029898  
-0.029872  
-0.029848  
-0.029945  
-0.029920  
-0.029896  
-0.029870  
-0.029845  
-0.029943  
-0.029918  
-0.029893  
-0.029868  
-0.029843  
-0.029941  
-0.029916  
-0.029891  
-0.029866  
-0.029965  
-0.029939  
-0.029914  
-0.029888  
-0.029861  
-0.029959  
-0.029933  
-0.029906  
-0.029880  
-0.029852  
-0.029948  
-0.029922  
-0.029895  
-0.029867  
-0.029841  
-0.029936  
-0.029909  
-0.029883  
-0.029856  
-0.029829  
-0.029925  
-0.029898  
-0.029871  
-0.029845  
-0.029942  
-0.029916  
-0.029890  
-0.029863  
-0.029837  
-0.029934  
-0.029908  
-0.029882  
-0.029856  
-0.029830  
-0.029804  
-0.029902  
-0.029876  
-0.029851  
-0.029825  
-0.029923  
-0.029898  
-0.029873  
-0.029848  
-0.029823  
-0.029921  
-0.029896  
-0.029871  
-0.029846  
-0.029945  
-0.029920  
-0.029896  
-0.029870  
-0.029846  
-0.029821  
-0.029919  
-0.029894  
-0.029870  
-0.029844  
-0.029942  
-0.029918  
-0.029893  
-0.029867  
-0.029843  
-0.029940  
-0.029916  
-0.029890  
-0.029866  
-0.029840  
-0.029938  
-0.029912  
-0.029887  
-0.029863  
-0.029836  
-0.029934  
-0.029909  
-0.029884  
-0.029859  
-0.029957  
-0.029931  
-0.029906  
-0.029880  
-0.029855  
-0.029953  
-0.029927  
-0.029902  
-0.029876  
-0.029851  
-0.029948  
-0.029922  
-0.029897  
-0.029871  
-0.029845  
-0.029943  
-0.029918  
-0.029892  
-0.029866  
-0.029841  
-0.029939  
-0.029914  
-0.029888  
-0.029863  
-0.029961  
-0.029935  
-0.029910  
-0.029884  
-0.029857  
-0.029831  
-0.029928  
-0.029901  
-0.029875  
-0.029849  
-0.029944  
-0.029918  
-0.029892  
-0.029865  
-0.029838  
-0.029936  
-0.029909  
-0.029882  
-0.029856  
-0.029829  
-0.029927  
-0.029901  
-0.029874  
-0.029848  
-0.029822  
-0.029919  
-0.029894  
-0.029867  
-0.029842  
-0.029940  
-0.029914  
-0.029888  
-0.029862  
-0.029837  
-0.029934  
-0.029910  
-0.029884  
-0.029858  
-0.029833  
-0.029930  
-0.029904  
-0.029880  
-0.029854  
-0.029828  
-0.029926  
-0.029901  
-0.029876  
-0.029850  
-0.029948  
-0.029923  
-0.029898  
-0.029872  
-0.029846  
-0.029945  
-0.029919  
-0.029893  
-0.029868  
-0.029843  
-0.029940  
-0.029914  
-0.029889  
-0.029863  
-0.029838  
-0.029936  
-0.029910  
-0.029885  
-0.029859  
-0.029834  
-0.029932  
-0.029906  
-0.029880  
-0.029855  
-0.029829  
-0.029927  
-0.029902  
-0.029877  
-0.029852  
-0.029827  
-0.029925  
-0.029901  
-0.029876  
-0.029851  
-0.029950  
-0.029924  
-0.029899  
-0.029875  
-0.029850  
-0.029948  
-0.029923  
-0.029898  
-0.029873  
-0.029848  
-0.029946  
-0.029921  
-0.029896  
-0.029871  
-0.029969  
-0.029943  
-0.029919  
-0.029894  
-0.029867  
-0.029841  
-0.029939  
-0.029912  
-0.029886  
-0.029859  
-0.029957  
-0.029930  
-0.029903  
-0.029876  
-0.029973  
-0.029822  
-0.029919  
-0.029891  
-0.029865  
-0.029838  
-0.029934  
-0.029908  
-0.029881  
-0.029854  
-0.029828  
-0.029924  
-0.029898  
-0.029872  
-0.029845  
-0.029819  
-0.029916  
-0.029891  
-0.029864  
-0.029839  
-0.029937  
-0.029911  
-0.029885  
-0.029860  
-0.029835  
-0.029933  
-0.029907  
-0.029882  
-0.029857  
-0.029831  
-0.029929  
-0.029904  
-0.029878  
-0.029853  
-0.029828  
-0.029926  
-0.029900  
-0.029875  
-0.029849  
-0.029825  
-0.029923  
-0.029897  
-0.029872  
-0.029848  
-0.029823  
-0.029921  
-0.029897  
-0.029871  
-0.029846  
-0.029821  
-0.029920  
-0.029895  
-0.029871  
-0.029846  
-0.029945  
-0.029919  
-0.029895  
-0.029870  
-0.029845  
-0.029944  
-0.029918  
-0.029893  
-0.029868  
-0.029843  
-0.029941  
-0.029916  
-0.029890  
-0.029865  
-0.029839  
-0.029937  
-0.029911  
-0.029885  
-0.029861  
-0.029835  
-0.029933  
-0.029907  
-0.029882  
-0.029857  
-0.029955  
-0.029930  
-0.029904  
-0.029879  
-0.029853  
-0.029952  
-0.029926  
-0.029901  
-0.029876  
-0.029851  
-0.029949  
-0.029923  
-0.029897  
-0.029871  
-0.029845  
-0.029942  
-0.029916  
-0.029889  
-0.029863  
-0.029959  
-0.029933  
-0.029905  
-0.029879  
-0.029852  
-0.029948  
-0.029921  
-0.029894  
-0.029866  
-0.029840  
-0.029936  
-0.029909  
-0.029882  
-0.029855  
-0.029828  
-0.029925  
-0.029898  
-0.029872  
-0.029845  
-0.029819  
-0.029916  
-0.029890  
-0.029864  
-0.029839  
-0.029812  
-0.029910  
-0.029884  
-0.029860  
-0.029834  
-0.029932  
-0.029907  
-0.029881  
-0.029856  
-0.029832  
-0.029806  
-0.029904  
-0.029880  
-0.029855  
-0.029952  
-0.029927  
-0.029903  
-0.029878  
-0.029853  
-0.029950  
-0.029926  
-0.029900  
-0.029875  
-0.029849  
-0.029823  
-0.029921  
-0.029895  
-0.029869  
-0.029845  
-0.029942  
-0.029917  
-0.029891  
-0.029865  
-0.029840  
-0.029938  
-0.029912  
-0.029887  
-0.029861  
-0.029836  
-0.029934  
-0.029908  
-0.029883  
-0.029858  
-0.029955  
-0.029930  
-0.029905  
-0.029879  
-0.029854  
-0.029828  
-0.029926  
-0.029901  
-0.029875  
-0.029850  
-0.029824  
-0.029922  
-0.029896  
-0.029871  
-0.029847  
-0.029945  
-0.029920  
-0.029895  
-0.029870  
-0.029845  
-0.029943  
-0.029918  
-0.029894  
-0.029868  
-0.029844  
-0.029942  
-0.029916  
-0.029891  
-0.029866  
-0.029963  
-0.029937  
-0.029911  
-0.029884  
-0.029858  
-0.029955  
-0.029928  
-0.029902  
-0.029874  
-0.029848  
-0.029944  
-0.029917  
-0.029890  
-0.029863  
-0.029836  
-0.029933  
-0.029906  
-0.029879  
-0.029851  
-0.029825  
-0.029922  
-0.029895  
-0.029869  
-0.029844  
-0.029817  
-0.029914  
-0.029888  
-0.029863  
-0.029838  
-0.029935  
-0.029910  
-0.029884  
-0.029858  
-0.029833  
-0.029931  
-0.029905  
-0.029881  
-0.029855  
-0.029953  
-0.029805  
-0.029902  
-0.029877  
-0.029851  
-0.029827  
-0.029924  
-0.029899  
-0.029873  
-0.029848  
-0.029824  
-0.029921  
-0.029896  
-0.029872  
-0.029846  
-0.029944  
-0.029919  
-0.029895  
-0.029869  
-0.029844  
-0.029943  
-0.029917  
-0.029893  
-0.029867  
-0.029965  
-0.029939  
-0.029914  
-0.029889  
-0.029863  
-0.029838  
-0.029935  
-0.029910  
-0.029883  
-0.029858  
-0.029955  
-0.029929  
-0.029903  
-0.029878  
-0.029853  
-0.029827  
-0.029924  
-0.029899  
-0.029873  
-0.029847  
-0.029945  
-0.029920  
-0.029895  
-0.029869  
-0.029844  
-0.029942  
-0.029917  
-0.029891  
-0.029867  
-0.029842  
-0.029816  
-0.029915  
-0.029891  
-0.029865  
-0.029841  
-0.029939  
-0.029914  
-0.029888  
-0.029863  
-0.029961  
-0.029936  
-0.029910  
-0.029884  
-0.029857  
-0.029954  
-0.029929  
-0.029903  
-0.029876  
-0.029849  
-0.029946  
-0.029919  
-0.029892  
-0.029866  
-0.029839  
-0.029935  
-0.029909  
-0.029882  
-0.029856  
-0.029829  
-0.029803  
-0.029900  
-0.029874  
-0.029848  
-0.029822  
-0.029920  
-0.029894  
-0.029869  
-0.029844  
-0.029819  
-0.029917  
-0.029892  
-0.029867  
-0.029842  
-0.029940  
-0.029915  
-0.029890  
-0.029866  
-0.029840  
-0.029938  
-0.029913  
-0.029888  
-0.029863  
-0.029960  
-0.029935  
-0.029910  
-0.029884  
-0.029859  
-0.029833  
-0.029931  
-0.029905  
-0.029879  
-0.029853  
-0.029951  
-0.029925  
-0.029898  
-0.029873  
-0.029847  
-0.029945  
-0.029919  
-0.029894  
-0.029868  
-0.029842  
-0.029939  
-0.029914  
-0.029889  
-0.029862  
-0.029837  
-0.029935  
-0.029909  
-0.029884  
-0.029858  
-0.029832  
-0.029931  
-0.029905  
-0.029880  
-0.029855  
-0.029829  
-0.029927  
-0.029902  
-0.029877  
-0.029852  
-0.029950  
-0.029926  
-0.029901  
-0.029876  
-0.029851  
-0.029826  
-0.029924  
-0.029899  
-0.029873  
-0.029972  
-0.029948  
-0.029922  
-0.029898  
-0.029872  
-0.029847  
-0.029944  
-0.029919  
-0.029893  
-0.029866  
-0.029840  
-0.029937  
-0.029910  
-0.029884  
-0.029858  
-0.029831  
-0.029927  
-0.029900  
-0.029875  
-0.029848  
-0.029945  
-0.029918  
-0.029892  
-0.029866  
-0.029839  
-0.029936  
-0.029910  
-0.029884  
-0.029857  
-0.029831  
-0.029929  
-0.029902  
-0.029876  
-0.029849  
-0.029824  
-0.029921  
-0.029895  
-0.029870  
-0.029844  
-0.029818  
-0.029916  
-0.029890  
-0.029865  
-0.029840  
-0.029937  
-0.029913  
-0.029887  
-0.029862  
-0.029837  
-0.029935  
-0.029910  
-0.029884  
-0.029859  
-0.029835  
-0.029932  
-0.029907  
-0.029881  
-0.029857  
-0.029954  
-0.029929  
-0.029903  
-0.029879  
-0.029853  
-0.029827  
-0.029925  
-0.029899  
-0.029873  
-0.029849  
-0.029946  
-0.029921  
-0.029895  
-0.029870  
-0.029844  
-0.029818  
-0.029916  
-0.029891  
-0.029865  
-0.029840  
-0.029938  
-0.029913  
-0.029888  
-0.029863  
-0.029837  
-0.029935  
-0.029910  
-0.029886  
-0.029860  
-0.029835  
-0.029933  
-0.029907  
-0.029883  
-0.029857  
-0.029955  
-0.029930  
-0.029905  
-0.029880  
-0.029855  
-0.029829  
-0.029928  
-0.029903  
-0.029877  
-0.029852  
-0.029951  
-0.029925  
-0.029900  
-0.029874  
-0.029849  
-0.029946  
-0.029920  
-0.029894  
-0.029867  
-0.029965  
-0.029939  
-0.029911  
-0.029885  
-0.029858  
-0.029954  
-0.029927  
-0.029900  
-0.029873  
-0.029846  
-0.029942  
-0.029914  
-0.029887  
-0.029860  
-0.029833  
-0.029930  
-0.029903  
-0.029876  
-0.029850  
-0.029946  
-0.029920  
-0.029893  
-0.029867  
-0.029840  
-0.029815  
-0.029911  
-0.029886  
-0.029859  
-0.029834  
-0.029808  
-0.029906  
-0.029880  
-0.029855  
-0.029829  
-0.029805  
-0.029903  
-0.029878  
-0.029854  
-0.029829  
-0.029927  
-0.029903  
-0.029879  
-0.029854  
-0.029830  
-0.029928  
-0.029904  
-0.029879  
-0.029855  
-0.029830  
-0.029929  
-0.029904  
-0.029879  
-0.029855  
-0.029829  
-0.029927  
-0.029903  
-0.029877  
-0.029853  
-0.029950  
-0.029926  
-0.029900  
-0.029875  
-0.029850  
-0.029948  
-0.029923  
-0.029897  
-0.029871  
-0.029846  
-0.029943  
-0.029918  
-0.029892  
-0.029867  
-0.029841  
-0.029939  
-0.029913  
-0.029887  
-0.029862  
-0.029959  
-0.029934  
-0.029908  
-0.029883  
-0.029857  
-0.029831  
-0.029929  
-0.029903  
-0.029877  
-0.029852  
-0.029950  
-0.029924  
-0.029899  
-0.029873  
-0.029849  
-0.029947  
-0.029921  
-0.029895  
-0.029869  
-0.029843  
-0.029941  
-0.029914  
-0.029888  
-0.029862  
-0.029836  
-0.029932  
-0.029905  
-0.029879  
-0.029853  
-0.029949  
-0.029923  
-0.029896  
-0.029869  
-0.029842  
-0.029817  
-0.029913  
-0.029887  
-0.029860  
-0.029834  
-0.029931  
-0.029905  
-0.029879  
-0.029853  
-0.029827  
-0.029924  
-0.029899  
-0.029873  
-0.029847  
-0.029822  
-0.029919  
-0.029894  
-0.029868  
-0.029843  
-0.029818  
-0.029915  
-0.029891  
-0.029866  
-0.029840  
-0.029938  
-0.029914  
-0.029888  
-0.029863  
-0.029838  
-0.029813  
-0.029911  
-0.029886  
-0.029860  
-0.029836  
-0.029934  
-0.029908  
-0.029883  
-0.029859  
-0.029834  
-0.029931  
-0.029907  
-0.029882  
-0.029856  
-0.029955  
-0.029929  
-0.029903  
-0.029879  
-0.029853  
-0.029828  
-0.029926  
-0.029899  
-0.029874  
-0.029848  
-0.029946  
-0.029921  
-0.029895  
-0.029870  
-0.029843  
-0.029942  
-0.029916  
-0.029891  
-0.029865  
-0.029962  
-0.029936  
-0.029911  
-0.029885  
-0.029859  
-0.029834  
-0.029931  
-0.029905  
-0.029879  
-0.029854  
-0.029828  
-0.029926  
-0.029900  
-0.029875  
-0.029849  
-0.029948  
-0.029922  
-0.029898  
-0.029872  
-0.029847  
-0.029822  
-0.029920  
-0.029895  
-0.029869  
-0.029843  
-0.029940  
-0.029914  
-0.029888  
-0.029862  
-0.029836  
-0.029933  
-0.029907  
-0.029881  
-0.029854  
-0.029828  
-0.029925  
-0.029899  
-0.029873  
-0.029846  
-0.029943  
-0.029917  
-0.029891  
-0.029865  
-0.029839  
-0.029936  
-0.029910  
-0.029883  
-0.029857  
-0.029832  
-0.029928  
-0.029902  
-0.029876  
-0.029850  
-0.029948  
-0.029922  
-0.029896  
-0.029870  
-0.029844  
-0.029942  
-0.029916  
-0.029890  
-0.029863  
-0.029838  
-0.029935  
-0.029909  
-0.029883  
-0.029858  
-0.029832  
-0.029929  
-0.029903  
-0.029878  
-0.029852  
-0.029826  
-0.029924  
-0.029899  
-0.029873  
-0.029848  
-0.029822  
-0.029920  
-0.029895  
-0.029870  
-0.029845  
-0.029820  
-0.029918  
-0.029893  
-0.029869  
-0.029843  
-0.029942  
-0.029917  
-0.029892  
-0.029868  
-0.029842  
-0.029940  
-0.029916  
-0.029891  
-0.029866  
-0.029841  
-0.029938  
-0.029913  
-0.029888  
-0.029862  
-0.029837  
-0.029935  
-0.029910  
-0.029885  
-0.029859  
-0.029958  
-0.029933  
-0.029907  
-0.029882  
-0.029856  
-0.029831  
-0.029929  
-0.029904  
-0.029879  
-0.029853  
-0.029952  
-0.029926  
-0.029901  
-0.029877  
-0.029851  
-0.029949  
-0.029923  
-0.029897  
-0.029871  
-0.029845  
-0.029942  
-0.029915  
-0.029889  
-0.029862  
-0.029959  
-0.029932  
-0.029905  
-0.029879  
-0.029851  
-0.029824  
-0.029921  
-0.029894  
-0.029867  
-0.029840  
-0.029938  
-0.029911  
-0.029884  
-0.029858  
-0.029832  
-0.029929  
-0.029903  
-0.029876  
-0.029851  
-0.029948  
-0.029922  
-0.029896  
-0.029870  
-0.029845  
-0.029818  
-0.029916  
-0.029890  
-0.029864  
-0.029839  
-0.029936  
-0.029910  
-0.029886  
-0.029860  
-0.029834  
-0.029932  
-0.029907  
-0.029882  
-0.029856  
-0.029954  
-0.029929  
-0.029903  
-0.029878  
-0.029852  
-0.029827  
-0.029925  
-0.029899  
-0.029873  
-0.029849  
-0.029823  
-0.029920  
-0.029896  
-0.029870  
-0.029846  
-0.029820  
-0.029919  
-0.029893  
-0.029868  
-0.029844  
-0.029819  
-0.029917  
-0.029892  
-0.029868  
-0.029843  
-0.029941  
-0.029917  
-0.029893  
-0.029868  
-0.029843  
-0.029942  
-0.029917  
-0.029893  
-0.029868  
-0.029843  
-0.029941  
-0.029916  
-0.029891  
-0.029866  
-0.029841  
-0.029939  
-0.029914  
-0.029889  
-0.029864  
-0.029962  
-0.029937  
-0.029911  
-0.029887  
-0.029861  
-0.029959  
-0.029933  
-0.029908  
-0.029882  
-0.029857  
-0.029830  
-0.029928  
-0.029901  
-0.029875  
-0.029848  
-0.029945  
-0.029918  
-0.029891  
-0.029865  
-0.029838  
-0.029934  
-0.029908  
-0.029881  
-0.029855  
-0.029952  
-0.029925  
-0.029898  
-0.029872  
-0.029845  
-0.029943  
-0.029915  
-0.029889  
-0.029863  
-0.029836  
-0.029933  
-0.029906  
-0.029880  
-0.029855  
-0.029828  
-0.029925  
-0.029899  
-0.029873  
-0.029847  
-0.029945  
-0.029919  
-0.029893  
-0.029868  
-0.029842  
-0.029939  
-0.029914  
-0.029888  
-0.029862  
-0.029836  
-0.029811  
-0.029908  
-0.029883  
-0.029857  
-0.029833  
-0.029930  
-0.029905  
-0.029880  
-0.029855  
-0.029830  
-0.029928  
-0.029903  
-0.029879  
-0.029853  
-0.029828  
-0.029927  
-0.029902  
-0.029877  
-0.029852  
-0.029827  
-0.029925  
-0.029901  
-0.029876  
-0.029851  
-0.029949  
-0.029924  
-0.029899  
-0.029875  
-0.029849  
-0.029824  
-0.029922  
-0.029897  
-0.029872  
-0.029847  
-0.029945  
-0.029920  
-0.029895  
-0.029869  
-0.029845  
-0.029942  
-0.029918  
-0.029892  
-0.029867  
-0.029842  
-0.029940  
-0.029915  
-0.029890  
-0.029865  
-0.029839  
-0.029937  
-0.029912  
-0.029887  
-0.029862  
-0.029961  
-0.029935  
-0.029910  
-0.029884  
-0.029858  
-0.029955  
-0.029929  
-0.029903  
-0.029876  
-0.029849  
-0.029946  
-0.029919  
-0.029892  
-0.029865  
-0.029961  
-0.029934  
-0.029907  
-0.029880  
-0.029852  
-0.029825  
-0.029921  
-0.029894  
-0.029867  
-0.029841  
-0.029937  
-0.029910  
-0.029883  
-0.029857  
-0.029831  
-0.029928  
-0.029901  
-0.029875  
-0.029849  
-0.029823  
-0.029921  
-0.029895  
-0.029869  
-0.029844  
-0.029941  
-0.029916  
-0.029890  
-0.029864  
-0.029839  
-0.029814  
-0.029911  
-0.029885  
-0.029861  
-0.029835  
-0.029933  
-0.029908  
-0.029883  
-0.029858  
-0.029833  
-0.029807  
-0.029906  
-0.029881  
-0.029856  
-0.029831  
-0.029930  
-0.029905  
-0.029880  
-0.029856  
-0.029831  
-0.029929  
-0.029904  
-0.029879  
-0.029855  
-0.029953  
-0.029929  
-0.029903  
-0.029878  
-0.029854  
-0.029951  
-0.029926  
-0.029901  
-0.029876  
-0.029850  
-0.029948  
-0.029922  
-0.029897  
-0.029871  
-0.029845  
-0.029942  
-0.029916  
-0.029891  
-0.029865  
-0.029963  
-0.029937  
-0.029911  
-0.029886  
-0.029860  
-0.029834  
-0.029931  
-0.029906  
-0.029880  
-0.029855  
-0.029953  
-0.029927  
-0.029902  
-0.029876  
-0.029852  
-0.029950  
-0.029923  
-0.029898  
-0.029872  
-0.029846  
-0.029820  
-0.029917  
-0.029891  
-0.029865  
-0.029838  
-0.029935  
-0.029909  
-0.029883  
-0.029856  
-0.029830  
-0.029927  
-0.029901  
-0.029875  
-0.029849  
-0.029823  
-0.029920  
-0.029894  
-0.029868  
-0.029842  
-0.029817  
-0.029914  
-0.029889  
-0.029863  
-0.029837  
-0.029935  
-0.029909  
-0.029885  
-0.029859  
-0.029834  
-0.029931  
-0.029907  
-0.029881  
-0.029855  
-0.029953  
-0.029928  
-0.029903  
-0.029877  
-0.029851  
-0.029825  
-0.029924  
-0.029898  
-0.029872  
-0.029846  
-0.029944  
-0.029918  
-0.029893  
-0.029867  
-0.029842  
-0.029939  
-0.029913  
-0.029888  
-0.029863  
-0.029837  
-0.029934  
-0.029909  
-0.029883  
-0.029857  
-0.029832  
-0.029929  
-0.029905  
-0.029879  
-0.029853  
-0.029951  
-0.029926  
-0.029900  
-0.029875  
-0.029850  
-0.029823  
-0.029921  
-0.029896  
-0.029871  
-0.029845  
-0.029943  
-0.029918  
-0.029893  
-0.029867  
-0.029842  
-0.029940  
-0.029915  
-0.029889  
-0.029864  
-0.029962  
-0.029937  
-0.029912  
-0.029887  
-0.029861  
-0.029835  
-0.029934  
-0.029908  
-0.029883  
-0.029857  
-0.029956  
-0.029930  
-0.029905  
-0.029879  
-0.029854  
-0.029828  
-0.029926  
-0.029900  
-0.029875  
-0.029972  
-0.029946  
-0.029920  
-0.029894  
-0.029867  
-0.029841  
-0.029937  
-0.029910  
-0.029883  
-0.029857  
-0.029830  
-0.029927  
-0.029900  
-0.029873  
-0.029846  
-0.029820  
-0.029917  
-0.029890  
-0.029864  
-0.029838  
-0.029936  
-0.029910  
-0.029884  
-0.029858  
-0.029833  
-0.029930  
-0.029904  
-0.029879  
-0.029853  
-0.029828  
-0.029925  
-0.029900  
-0.029875  
-0.029849  
-0.029823  
-0.029922  
-0.029896  
-0.029871  
-0.029846  
-0.029944  
-0.029918  
-0.029893  
-0.029868  
-0.029843  
-0.029818  
-0.029915  
-0.029891  
-0.029865  
-0.029840  
-0.029938  
-0.029913  
-0.029888  
-0.029863  
-0.029837  
-0.029936  
-0.029911  
-0.029886  
-0.029861  
-0.029958  
-0.029934  
-0.029908  
-0.029883  
-0.029857  
-0.029832  
-0.029930  
-0.029904  
-0.029879  
-0.029853  
-0.029951  
-0.029925  
-0.029900  
-0.029874  
-0.029849  
-0.029946  
-0.029920  
-0.029895  
-0.029870  
-0.029844  
-0.029941  
-0.029916  
-0.029890  
-0.029865  
-0.029839  
-0.029937  
-0.029912  
-0.029887  
-0.029861  
-0.029959  
-0.029934  
-0.029908  
-0.029884  
-0.029858  
-0.029956  
-0.029930  
-0.029906  
-0.029879  
-0.029854  
-0.029952  
-0.029926  
-0.029899  
-0.029873  
-0.029846  
-0.029944  
-0.029916  
-0.029890  
-0.029863  
-0.029837  
-0.029933  
-0.029907  
-0.029879  
-0.029853  
-0.029950  
-0.029923  
-0.029897  
-0.029870  
-0.029844  
-0.029818  
-0.029914  
-0.029888  
-0.029862  
-0.029835  
-0.029933  
-0.029907  
-0.029882  
-0.029856  
-0.029830  
-0.029927  
-0.029902  
-0.029876  
-0.029851  
-0.029949  
-0.029924  
-0.029898  
-0.029872  
-0.029848  
-0.029822  
-0.029919  
-0.029894  
-0.029869  
-0.029843  
-0.029818  
-0.029916  
-0.029891  
-0.029865  
-0.029840  
-0.029939  
-0.029914  
-0.029889  
-0.029864  
-0.029839  
-0.029937  
-0.029912  
-0.029887  
-0.029862  
-0.029837  
-0.029936  
-0.029910  
-0.029885  
-0.029860  
-0.029835  
-0.029933  
-0.029908  
-0.029883  
-0.029857  
-0.029956  
-0.029931  
-0.029905  
-0.029880  
-0.029855  
-0.029830  
-0.029928  
-0.029901  
-0.029876  
-0.029851  
-0.029826  
-0.029924  
-0.029898  
-0.029873  
-0.029849  
-0.029946  
-0.029922  
-0.029896  
-0.029871  
-0.029847  
-0.029945  
-0.029919  
-0.029894  
-0.029869  
-0.029968  
-0.029943  
-0.029917  
-0.029893  
-0.029867  
-0.029841  
-0.029939  
-0.029914  
-0.029888  
-0.029862  
-0.029959  
-0.029934  
-0.029907  
-0.029881  
-0.029854  
-0.029951  
-0.029924  
-0.029897  
-0.029870  
-0.029844  
-0.029939  
-0.029913  
-0.029886  
-0.029859  
-0.029833  
-0.029929  
-0.029902  
-0.029875  
-0.029849  
-0.029822  
-0.029919  
-0.029893  
-0.029867  
-0.029841  
-0.029938  
-0.029912  
-0.029886  
-0.029861  
-0.029836  
-0.029932  
-0.029907  
-0.029881  
-0.029856  
-0.029830  
-0.029927  
-0.029903  
-0.029877  
-0.029851  
-0.029826  
-0.029924  
-0.029898  
-0.029872  
-0.029848  
-0.029822  
-0.029920  
-0.029895  
-0.029870  
-0.029845  
-0.029943  
-0.029918  
-0.029894  
-0.029868  
-0.029843  
-0.029941  
-0.029916  
-0.029891  
-0.029865  
-0.029841  
-0.029938  
-0.029913  
-0.029888  
-0.029862  
-0.029960  
-0.029934  
-0.029909  
-0.029884  
-0.029858  
-0.029832  
-0.029930  
-0.029903  
-0.029878  
-0.029853  
-0.029950  
-0.029925  
-0.029899  
-0.029873  
-0.029848  
-0.029945  
-0.029919  
-0.029895  
-0.029869  
-0.029843  
-0.029941  
-0.029916  
-0.029890  
-0.029865  
-0.029840  
-0.029937  
-0.029912  
-0.029887  
-0.029862  
-0.029836  
-0.029935  
-0.029910  
-0.029884  
-0.029860  
-0.029958  
-0.029933  
-0.029908  
-0.029882  
-0.029857  
-0.029954  
-0.029928  
-0.029902  
-0.029875  
-0.029849  
-0.029946  
-0.029919  
-0.029892  
-0.029866  
-0.029839  
-0.029935  
-0.029908  
-0.029882  
-0.029856  
-0.029952  
-0.029925  
-0.029898  
-0.029872  
-0.029845  
-0.029819  
-0.029916  
-0.029890  
-0.029864  
-0.029837  
-0.029811  
-0.029909  
-0.029883  
-0.029858  
-0.029832  
-0.029930  
-0.029904  
-0.029879  
-0.029854  
-0.029829  
-0.029927  
-0.029902  
-0.029877  
-0.029852  
-0.029827  
-0.029925  
-0.029900  
-0.029875  
-0.029850  
-0.029949  
-0.029923  
-0.029898  
-0.029873  
-0.029847  
-0.029946  
-0.029920  
-0.029895  
-0.029869  
-0.029844  
-0.029819  
-0.029916  
-0.029891  
-0.029866  
-0.029840  
-0.029938  
-0.029913  
-0.029888  
-0.029862  
-0.029838  
-0.029935  
-0.029910  
-0.029885  
-0.029860  
-0.029835  
-0.029933  
-0.029907  
-0.029882  
-0.029857  
-0.029955  
-0.029930  
-0.029905  
-0.029879  
-0.029854  
-0.029952  
-0.029926  
-0.029901  
-0.029876  
-0.029850  
-0.029947  
-0.029922  
-0.029896  
-0.029871  
-0.029845  
-0.029943  
-0.029917  
-0.029891  
-0.029867  
-0.029841  
-0.029939  
-0.029913  
-0.029889  
-0.029863  
-0.029838  
-0.029936  
-0.029910  
-0.029884  
-0.029858  
-0.029832  
-0.029930  
-0.029904  
-0.029878  
-0.029851  
-0.029948  
-0.029922  
-0.029896  
-0.029870  
-0.029843  
-0.029940  
-0.029913  
-0.029887  
-0.029860  
-0.029834  
-0.029931  
-0.029905  
-0.029878  
-0.029852  
-0.029949  
-0.029922  
-0.029896  
-0.029870  
-0.029843  
-0.029817  
-0.029914  
-0.029888  
-0.029862  
-0.029836  
-0.029934  
-0.029908  
-0.029883  
-0.029857  
-0.029831  
-0.029929  
-0.029903  
-0.029877  
-0.029851  
-0.029827  
-0.029924  
-0.029899  
-0.029873  
-0.029849  
-0.029946  
-0.029921  
-0.029895  
-0.029871  
-0.029845  
-0.029943  
-0.029917  
-0.029892  
-0.029867  
-0.029841  
-0.029939  
-0.029913  
-0.029887  
-0.029862  
-0.029836  
-0.029934  
-0.029909  
-0.029883  
-0.029858  
-0.029832  
-0.029930  
-0.029905  
-0.029879  
-0.029854  
-0.029829  
-0.029927  
-0.029902  
-0.029876  
-0.029851  
-0.029950  
-0.029924  
-0.029899  
-0.029874  
-0.029849  
-0.029823  
-0.029922  
-0.029896  
-0.029872  
-0.029846  
-0.029944  
-0.029920  
-0.029895  
-0.029870  
-0.029844  
-0.029943  
-0.029918  
-0.029893  
-0.029867  
-0.029843  
-0.029941  
-0.029916  
-0.029891  
-0.029866  
-0.029841  
-0.029938  
-0.029913  
-0.029887  
-0.029861  
-0.029958  
-0.029932  
-0.029906  
-0.029879  
-0.029852  
-0.029949  
-0.029923  
-0.029896  
-0.029869  
-0.029842  
-0.029939  
-0.029912  
-0.029885  
-0.029858  
-0.029831  
-0.029928  
-0.029901  
-0.029875  
-0.029849  
-0.029822  
-0.029918  
-0.029892  
-0.029867  
-0.029840  
-0.029815  
-0.029912  
-0.029886  
-0.029860  
-0.029835  
-0.029933  
-0.029908  
-0.029882  
-0.029857  
-0.029832  
-0.029930  
-0.029904  
-0.029880  
-0.029854  
-0.029829  
-0.029927  
-0.029902  
-0.029876  
-0.029851  
-0.029826  
-0.029924  
-0.029899  
-0.029873  
-0.029848  
-0.029824  
-0.029921  
-0.029896  
-0.029872  
-0.029846  
-0.029944  
-0.029920  
-0.029894  
-0.029869  
-0.029844  
-0.029942  
-0.029917  
-0.029891  
-0.029866  
-0.029840  
-0.029938  
-0.029913  
-0.029887  
-0.029862  
-0.029837  
-0.029934  
-0.029909  
-0.029883  
-0.029858  
-0.029832  
-0.029930  
-0.029904  
-0.029879  
-0.029854  
-0.029951  
-0.029926  
-0.029901  
-0.029876  
-0.029850  
-0.029948  
-0.029922  
-0.029897  
-0.029872  
-0.029846  
-0.029944  
-0.029919  
-0.029894  
-0.029868  
-0.029843  
-0.029941  
-0.029915  
-0.029890  
-0.029864  
-0.029961  
-0.029935  
-0.029909  
-0.029882  
-0.029856  
-0.029953  
-0.029926  
-0.029899  
-0.029873  
-0.029845  
-0.029942  
-0.029915  
-0.029888  
-0.029860  
-0.029834  
-0.029930  
-0.029903  
-0.029876  
-0.029849  
-0.029823  
-0.029919  
-0.029893  
-0.029867  
-0.029841  
-0.029815  
-0.029911  
-0.029886  
-0.029861  
-0.029835  
-0.029932  
-0.029907  
-0.029882  
-0.029856  
-0.029831  
-0.029928  
-0.029903  
-0.029878  
-0.029853  
-0.029827  
-0.029926  
-0.029900  
-0.029875  
-0.029850  
-0.029825  
-0.029922  
-0.029897  
-0.029872  
-0.029847  
-0.029822  
-0.029920  
-0.029895  
-0.029870  
-0.029845  
-0.029943  
-0.029919  
-0.029894  
-0.029869  
-0.029843  
-0.029942  
-0.029916  
-0.029892  
-0.029866  
-0.029840  
-0.029939  
-0.029914  
-0.029888  
-0.029863  
-0.029837  
-0.029935  
-0.029910  
-0.029885  
-0.029858  
-0.029833  
-0.029931  
-0.029905  
-0.029880  
-0.029855  
-0.029829  
-0.029928  
-0.029902  
-0.029877  
-0.029852  
-0.029950  
-0.029925  
-0.029900  
-0.029875  
-0.029850  
-0.029948  
-0.029922  
-0.029897  
-0.029872  
-0.029847  
-0.029945  
-0.029919  
-0.029895  
-0.029869  
-0.029844  
-0.029942  
-0.029916  
-0.029891  
-0.029865  
-0.029839  
-0.029937  
-0.029910  
-0.029884  
-0.029858  
-0.029832  
-0.029929  
-0.029902  
-0.029876  
-0.029849  
-0.029946  
-0.029920  
-0.029893  
-0.029867  
-0.029840  
-0.029937  
-0.029911  
-0.029885  
-0.029858  
-0.029832  
-0.029929  
-0.029902  
-0.029876  
-0.029850  
-0.029947  
-0.029920  
-0.029895  
-0.029869  
-0.029842  
-0.029817  
-0.029913  
-0.029888  
-0.029862  
-0.029836  
-0.029934  
-0.029908  
-0.029882  
-0.029857  
-0.029831  
-0.029928  
-0.029904  
-0.029878  
-0.029852  
-0.029827  
-0.029925  
-0.029900  
-0.029874  
-0.029849  
-0.029824  
-0.029922  
-0.029897  
-0.029872  
-0.029846  
-0.029822  
-0.029920  
-0.029894  
-0.029870  
-0.029845  
-0.029944  
-0.029918  
-0.029893  
-0.029868  
-0.029843  
-0.029941  
-0.029916  
-0.029891  
-0.029866  
-0.029840  
-0.029938  
-0.029913  
-0.029888  
-0.029862  
-0.029836  
-0.029934  
-0.029908  
-0.029884  
-0.029859  
-0.029833  
-0.029930  
-0.029906  
-0.029880  
-0.029854  
-0.029953  
-0.029928  
-0.029902  
-0.029877  
-0.029852  
-0.029950  
-0.029925  
-0.029899  
-0.029874  
-0.029848  
-0.029946  
-0.029921  
-0.029896  
-0.029870  
-0.029845  
-0.029943  
-0.029916  
-0.029891  
-0.029865  
-0.029838  
-0.029935  
-0.029909  
-0.029882  
-0.029856  
-0.029953  
-0.029926  
-0.029899  
-0.029873  
-0.029846  
-0.029943  
-0.029916  
-0.029890  
-0.029863  
-0.029836  
-0.029932  
-0.029905  
-0.029879  
-0.029853  
-0.029826  
-0.029923  
-0.029897  
-0.029870  
-0.029844  
-0.029818  
-0.029915  
-0.029890  
-0.029863  
-0.029838  
-0.029935  
-0.029910  
-0.029884  
-0.029860  
-0.029834  
-0.029931  
-0.029906  
-0.029881  
-0.029855  
-0.029831  
-0.029928  
-0.029902  
-0.029877  
-0.029852  
-0.029827  
-0.029924  
-0.029899  
-0.029874  
-0.029849  
-0.029824  
-0.029921  
-0.029897  
-0.029872  
-0.029846  
-0.029944  
-0.029920  
-0.029894  
-0.029869  
-0.029844  
-0.029942  
-0.029917  
-0.029892  
-0.029867  
-0.029841  
-0.029939  
-0.029913  
-0.029888  
-0.029863  
-0.029837  
-0.029935  
-0.029910  
-0.029884  
-0.029859  
-0.029834  
-0.029931  
-0.029906  
-0.029880  
-0.029855  
-0.029829  
-0.029928  
-0.029902  
-0.029878  
-0.029852  
-0.029951  
-0.029926  
-0.029900  
-0.029875  
-0.029850  
-0.029948  
-0.029923  
-0.029898  
-0.029874  
-0.029848  
-0.029946  
-0.029921  
-0.029896  
-0.029870  
-0.029845  
-0.029943  
-0.029917  
-0.029891  
-0.029864  
-0.029962  
-0.029936  
-0.029909  
-0.029882  
-0.029856  
-0.029952  
-0.029926  
-0.029898  
-0.029872  
-0.029844  
-0.029940  
-0.029914  
-0.029887  
-0.029860  
-0.029833  
-0.029929  
-0.029902  
-0.029876  
-0.029850  
-0.029823  
-0.029920  
-0.029893  
-0.029868  
-0.029842  
-0.029815  
-0.029913  
-0.029887  
-0.029862  
-0.029836  
-0.029934  
-0.029909  
-0.029884  
-0.029858  
-0.029833  
-0.029931  
-0.029906  
-0.029881  
-0.029856  
-0.029831  
-0.029928  
-0.029903  
-0.029879  
-0.029853  
-0.029828  
-0.029926  
-0.029901  
-0.029876  
-0.029851  
-0.029825  
-0.029924  
-0.029899  
-0.029874  
-0.029849  
-0.029824  
-0.029922  
-0.029898  
-0.029872  
-0.029847  
-0.029946  
-0.029921  
-0.029896  
-0.029871  
-0.029846  
-0.029945  
-0.029919  
-0.029894  
-0.029869  
-0.029844  
-0.029942  
-0.029916  
-0.029891  
-0.029865  
-0.029840  
-0.029938  
-0.029913  
-0.029887  
-0.029861  
-0.029960  
-0.029934  
-0.029908  
-0.029883  
-0.029858  
-0.029955  
-0.029929  
-0.029904  
-0.029878  
-0.029852  
-0.029950  
-0.029925  
-0.029899  
-0.029873  
-0.029847  
-0.029945  
-0.029920  
-0.029895  
-0.029869  
-0.029843  
-0.029940  
-0.029914  
-0.029888  
-0.029862  
-0.029836  
-0.029932  
-0.029906  
-0.029879  
-0.029853  
-0.029950  
-0.029923  
-0.029897  
-0.029870  
-0.029844  
-0.029940  
-0.029913  
-0.029887  
-0.029860  
-0.029834  
-0.029931  
-0.029904  
-0.029878  
-0.029852  
-0.029826  
-0.029923  
-0.029897  
-0.029871  
-0.029846  
-0.029819  
-0.029917  
-0.029891  
-0.029866  
-0.029840  
-0.029938  
-0.029913  
-0.029887  
-0.029863  
-0.029837  
-0.029934  
-0.029909  
-0.029884  
-0.029859  
-0.029834  
-0.029931  
-0.029907  
-0.029881  
-0.029856  
-0.029830  
-0.029928  
-0.029903  
-0.029878  
-0.029853  
-0.029827  
-0.029926  
-0.029900  
-0.029875  
-0.029850  
-0.029825  
-0.029923  
-0.029898  
-0.029873  
-0.029848  
-0.029946  
-0.029921  
-0.029896  
-0.029871  
-0.029845  
-0.029944  
-0.029919  
-0.029893  
-0.029868  
-0.029843  
-0.029941  
-0.029916  
-0.029890  
-0.029865  
-0.029840  
-0.029937  
-0.029912  
-0.029886  
-0.029860  
-0.029836  
-0.029933  
-0.029908  
-0.029882  
-0.029857  
-0.029955  
-0.029929  
-0.029904  
-0.029879  
-0.029854  
-0.029952  
-0.029927  
-0.029902  
-0.029876  
-0.029851  
-0.029949  
-0.029923  
-0.029897  
-0.029872  
-0.029846  
-0.029943  
-0.029917  
-0.029891  
-0.029864  
-0.029837  
-0.029934  
-0.029908  
-0.029881  
-0.029854  
-0.029951  
-0.029924  
-0.029898  
-0.029871  
-0.029844  
-0.029941  
-0.029915  
-0.029888  
-0.029861  
-0.029835  
-0.029932  
-0.029905  
-0.029878  
-0.029852  
-0.029826  
-0.029923  
-0.029896  
-0.029871  
-0.029845  
-0.029819  
-0.029917  
-0.029891  
-0.029866  
-0.029840  
-0.029815  
-0.029912  
-0.029888  
-0.029862  
-0.029837  
-0.029935  
-0.029910  
-0.029885  
-0.029861  
-0.029835  
-0.029933  
-0.029909  
-0.029884  
-0.029858  
-0.029834  
-0.029931  
-0.029907  
-0.029882  
-0.029856  
-0.029831  
-0.029929  
-0.029904  
-0.029879  
-0.029854  
-0.029951  
-0.029927  
-0.029901  
-0.029876  
-0.029851  
-0.029948  
-0.029923  
-0.029898  
-0.029873  
-0.029846  
-0.029945  
-0.029918  
-0.029893  
-0.029867  
-0.029841  
-0.029940  
-0.029914  
-0.029888  
-0.029863  
-0.029837  
-0.029935  
-0.029909  
-0.029884  
-0.029858  
-0.029833  
-0.029931  
-0.029906  
-0.029881  
-0.029856  
-0.029954  
-0.029929  
-0.029904  
-0.029879  
-0.029854  
-0.029952  
-0.029927  
-0.029902  
-0.029877  
-0.029852  
-0.029950  
-0.029925  
-0.029898  
-0.029873  
-0.029846  
-0.029944  
-0.029917  
-0.029892  
-0.029865  
-0.029838  
-0.029935  
-0.029908  
-0.029881  
-0.029855  
-0.029951  
-0.029924  
-0.029898  
-0.029871  
-0.029844  
-0.029941  
-0.029914  
-0.029887  
-0.029861  
-0.029834  
-0.029931  
-0.029905  
-0.029879  
-0.029852  
-0.029826  
-0.029923  
-0.029897  
-0.029871  
-0.029844  
-0.029819  
-0.029916  
-0.029890  
-0.029865  
-0.029840  
-0.029938  
-0.029912  
-0.029887  
-0.029862  
-0.029836  
-0.029934  
-0.029909  
-0.029883  
-0.029858  
-0.029833  
-0.029930  
-0.029905  
-0.029879  
-0.029854  
-0.029829  
-0.029927  
-0.029901  
-0.029876  
-0.029851  
-0.029825  
-0.029923  
-0.029898  
-0.029874  
-0.029848  
-0.029823  
-0.029921  
-0.029896  
-0.029870  
-0.029846  
-0.029944  
-0.029919  
-0.029894  
-0.029868  
-0.029843  
-0.029941  
-0.029916  
-0.029891  
-0.029865  
-0.029840  
-0.029937  
-0.029912  
-0.029887  
-0.029861  
-0.029835  
-0.029932  
-0.029908  
-0.029882  
-0.029857  
-0.029831  
-0.029929  
-0.029903  
-0.029877  
-0.029852  
-0.029950  
-0.029925  
-0.029899  
-0.029873  
-0.029849  
-0.029946  
-0.029921  
-0.029895  
-0.029870  
-0.029844  
-0.029942  
-0.029916  
-0.029890  
-0.029864  
-0.029838  
-0.029935  
-0.029908  
-0.029882  
-0.029856  
-0.029829  
-0.029927  
-0.029901  
-0.029874  
-0.029848  
-0.029945  
-0.029919  
-0.029893  
-0.029866  
-0.029840  
-0.029937  
-0.029911  
-0.029885  
-0.029859  
-0.029833  
-0.029931  
-0.029905  
-0.029879  
-0.029853  
-0.029827  
-0.029924  
-0.029899  
-0.029873  
-0.029848  
-0.029822  
-0.029920  
-0.029895  
-0.029869  
-0.029845  
-0.029942  
-0.029917  
-0.029892  
-0.029867  
-0.029842  
-0.029940  
-0.029915  
-0.029890  
-0.029865  
-0.029840  
-0.029939  
-0.029914  
-0.029888  
-0.029863  
-0.029838  
-0.029936  
-0.029911  
-0.029886  
-0.029861  
-0.029836  
-0.029935  
-0.029910  
-0.029884  
-0.029860  
-0.029835  
-0.029934  
-0.029909  
-0.029885  
-0.029860  
-0.029959  
-0.029935  
-0.029909  
-0.029885  
-0.029861  
-0.029959  
-0.029934  
-0.029910  
-0.029886  
-0.029860  
-0.029959  
-0.029935  
-0.029909  
-0.029884  
-0.029860  
-0.029959  
-0.029934  
-0.029909  
-0.029884  
-0.029859  
-0.029958  
-0.029934  
-0.029909  
-0.029885  
-0.029984  
-0.029959  
-0.029935  
-0.029910  
-0.029886  
-0.029985  
-0.029961  
-0.029936  
-0.029911  
-0.029885  
-0.029983  
-0.029957  
-0.029930  
-0.029903  
-0.029876  
-0.029972  
-0.029944  
-0.029915  
-0.029887  
-0.029859  
-0.029954  
-0.029925  
-0.029896  
-0.029868  
-0.029963  
-0.029934  
-0.029906  
-0.029878  
-0.029849  
-0.029944  
-0.029916  
-0.029888  
-0.029860  
-0.029833  
-0.029928  
-0.029901  
-0.029873  
-0.029846  
-0.029819  
-0.029915  
-0.029888  
-0.029861  
-0.029835  
-0.029808  
-0.029905  
-0.029879  
-0.029853  
-0.029827  
-0.029801  
-0.029898  
-0.029872  
-0.029847  
-0.029821  
-0.029918  
-0.029893  
-0.029868  
-0.029842  
-0.029817  
-0.029914  
-0.029888  
-0.029863  
-0.029837  
-0.029811  
-0.029908  
-0.029882  
-0.029856  
-0.029830  
-0.029804  
-0.029900  
-0.029874  
-0.029848  
-0.029821  
-0.029917  
-0.029891  
-0.029864  
-0.029837  
-0.029811  
-0.029906  
-0.029879  
-0.029852  
-0.029824  
-0.029797  
-0.029892  
-0.029864  
-0.029837  
-0.029809  
-0.029781  
-0.029875  
-0.029848  
-0.029820  
-0.029792  
-0.029764  
-0.029858  
-0.029831  
-0.029803  
-0.029775  
-0.029747  
-0.029841  
-0.029814  
-0.029786  
-0.029759  
-0.029731  
-0.029825  
-0.029798  
-0.029770  
-0.029743  
-0.029837  
-0.029809  
-0.029783  
-0.029757  
-0.029732  
-0.029829  
-0.029806  
-0.029783  
-0.029761  
-0.029739  
-0.029840  
-0.029819  
-0.029798  
-0.029778  
-0.029758  
-0.029861  
-0.029841  
-0.029821  
-0.029801  
-0.029904  
-0.029885  
-0.029865  
-0.029844  
-0.029824  
-0.029927  
-0.029906  
-0.029885  
-0.029864  
-0.029842  
-0.029944  
-0.029922  
-0.029900  
-0.029878  
-0.029855  
-0.029956  
-0.029934  
-0.029911  
-0.029888  
-0.029865  
-0.029966  
-0.029943  
-0.029919  
-0.029896  
-0.029873  
-0.029975  
-0.029951  
-0.029928  
-0.029905  
-0.030007  
-0.029985  
-0.029962  
-0.029939  
-0.029916  
-0.030019  
-0.029996  
-0.029974  
-0.029951  
-0.029929  
-0.030033  
-0.030010  
-0.029988  
-0.029967  
-0.029945  
-0.030050  
-0.030029  
-0.030008  
-0.029987  
-0.030093  
-0.030073  
-0.030052  
-0.030032  
-0.030012  
-0.030120  
-0.030100  
-0.030081  
-0.030062  
-0.030042  
-0.030151  
-0.030133  
-0.030114  
-0.030096  
-0.030077  
-0.030188  
-0.030170  
-0.030152  
-0.030135  
-0.030118  
-0.030229  
-0.030212  
-0.030195  
-0.030179  
-0.030292  
-0.030275  
-0.030259  
-0.030243  
-0.030227  
-0.030341  
-0.030325  
-0.030309  
-0.030294  
-0.030278  
-0.030392  
-0.030373  
-0.030349  
-0.030322  
-0.030292  
-0.030386  
-0.030348  
-0.030308  
-0.030265  
-0.030220  
-0.030300  
-0.030251  
-0.030202  
-0.030151  
-0.030100  
-0.030174  
-0.030122  
-0.030071  
-0.030020  
-0.029969  
-0.030042  
-0.029993  
-0.029945  
-0.029897  
-0.029851  
-0.029927  
-0.029883  
-0.029840  
-0.029798  
-0.029757  
-0.029837  
-0.029798  
-0.029760  
-0.029723  
-0.029687  
-0.029770  
-0.029735  
-0.029701  
-0.029668  
-0.029753  
-0.029720  
-0.029688  
-0.029656  
-0.029625  
-0.029709  
-0.029678  
-0.029646  
-0.029615  
-0.029583  
-0.029666  
-0.029634  
-0.029602  
-0.029569  
-0.029536  
-0.029616  
-0.029582  
-0.029547  
-0.029512  
-0.029477  
-0.029552  
-0.029515  
-0.029477  
-0.029438  
-0.029399  
-0.029469  
-0.029428  
-0.029386  
-0.029344  
-0.029301  
-0.029365  
-0.029320  
-0.029274  
-0.029227  
-0.029180  
-0.029239  
-0.029189  
-0.029139  
-0.029089  
-0.029038  
-0.029091  
-0.029038  
-0.028985  
-0.028931  
-0.028981  
-0.028926  
-0.028870  
-0.028814  
-0.028758  
-0.028804  
-0.028746  
-0.028688  
-0.028630  
-0.028673  
-0.028614  
-0.028554  
-0.028494  
-0.028434  
-0.028474  
-0.028413  
-0.028352  
-0.028292  
-0.028244  
-0.028312  
-0.028292  
-0.028284  
-0.028288  
-0.028410  
-0.028436  
-0.028471  
-0.028513  
-0.028673  
-0.028727  
-0.028786  
-0.028847  
-0.028910  
-0.029091  
-0.029156  
-0.029219  
-0.029282  
-0.029463  
-0.029521  
-0.029576  
-0.029628  
-0.029802  
-0.029847  
-0.029887  
-0.029924  
-0.030087  
-0.030117  
-0.030143  
-0.030164  
-0.030318  
-0.030334  
-0.030347  
-0.030357  
-0.030364  
-0.030509  
-0.030512  
-0.030514  
-0.030514  
-0.030657  
-0.030656  
-0.030653  
-0.030649  
-0.030794  
-0.030791  
-0.030787  
-0.030784  
-0.030934  
-0.030932  
-0.030930  
-0.030930  
-0.030930  
-0.031090  
-0.031094  
-0.031099  
-0.031106  
-0.031278  
-0.031290  
-0.031303  
-0.031319  
-0.031505  
-0.031526  
-0.031550  
-0.031577  
-0.031606  
-0.031810  
-0.031845  
-0.031883  
-0.031924  
-0.031967  
-0.032191  
-0.032242  
-0.032295  
-0.032350  
-0.032409  
-0.032653  
-0.032718  
-0.032786  
-0.032856  
-0.032928  
-0.033003  
-0.033269  
-0.033350  
-0.033433  
-0.033518  
-0.033605  
-0.033695  
-0.033980  
-0.034075  
-0.034171  
-0.034268  
-0.034368  
-0.034469  
-0.034771  
-0.034877  
-0.034983  
-0.035091  
-0.035200  
-0.035311  
-0.035414  
-0.035474  
-0.035487  
-0.035647  
-0.035571  
-0.035455  
-0.035305  
-0.035123  
-0.034913  
-0.034679  
-0.034424  
-0.034151  
-0.033864  
-0.033567  
-0.033261  
-0.032950  
-0.032776  
-0.032458  
-0.032142  
-0.031829  
-0.031521  
-0.031220  
-0.030927  
-0.030642  
-0.030368  
-0.030104  
-0.029851  
-0.029611  
-0.029382  
-0.029165  
-0.028961  
-0.028769  
-0.028589  
-0.028421  
-0.028264  
-0.028119  
-0.027983  
-0.027858  
-0.027741  
-0.027632  
-0.027530  
-0.027480  
-0.027387  
-0.027297  
-0.027211  
-0.027127  
-0.027044  
-0.026961  
-0.026877  
-0.026790  
-0.026701  
-0.026607  
-0.026507  
-0.026401  
-0.026285  
-0.026160  
-0.026025  
-0.025881  
-0.025727  
-0.025561  
-0.025385  
-0.025166  
-0.024961  
-0.024744  
-0.024514  
-0.024272  
-0.024017  
-0.023696  
-0.023412  
-0.023116  
-0.022808  
-0.022417  
-0.022082  
-0.021736  
-0.021379  
-0.020926  
-0.020546  
-0.020158  
-0.019662  
-0.019254  
-0.018839  
-0.018307  
-0.017876  
-0.017440  
-0.016875  
-0.016427  
-0.015842  
-0.015384  
-0.014923  
-0.014313  
-0.013843  
-0.013216  
-0.012739  
-0.012095  
-0.011441  
-0.010953  
-0.010283  
-0.009790  
-0.009106  
-0.008413  
-0.007935  
-0.007450  
-0.007187  
-0.007285  
-0.007430  
-0.007771  
-0.008298  
-0.009075  
-0.009919  
-0.010911  
-0.012035  
-0.013272  
-0.014599  
-0.015966  
-0.017375  
-0.018809  
-0.020259  
-0.021719  
-0.023185  
-0.024654  
-0.025985  
-0.027443  
-0.028907  
-0.030379  
-0.031858  
-0.033345  
-0.034841  
-0.036349  
-0.037595  
-0.039114  
-0.040650  
-0.042204  
-0.043780  
-0.045025  
-0.046632  
-0.048267  
-0.049930  
-0.051625  
-0.052925  
-0.054675  
-0.056464  
-0.057821  
-0.059679  
-0.061582  
-0.063019  
-0.065005  
-0.066503  
-0.068578  
-0.070143  
-0.072311  
-0.073947  
-0.075615  
-0.077923  
-0.079668  
-0.081448  
-0.083899  
-0.085759  
-0.087656  
-0.089589  
-0.091557  
-0.093561  
-0.095600  
-0.097674  
-0.099780  
-0.101920  
-0.103381  
-0.105580  
-0.107808  
-0.109340  
-0.111623  
-0.113933  
-0.115530  
-0.117145  
-0.119523  
-0.121175  
-0.122842  
-0.124524  
-0.126974  
-0.128682  
-0.130400  
-0.132128  
-0.133103  
-0.134842  
-0.136585  
-0.138330  
-0.139316  
-0.141061  
-0.142045  
-0.143784  
-0.144761  
-0.145732  
-0.147450  
-0.148406  
-0.149351  
-0.150287  
-0.151211  
-0.152122  
-0.153020  
-0.153902  
-0.154769  
-0.154884  
-0.155718  
-0.156533  
-0.156586  
-0.157160  
-0.156833  
-0.156324  
-0.156239  
-0.155356  
-0.154305  
-0.153091  
-0.152218  
-0.150662  
-0.148952  
-0.147089  
-0.145073  
-0.142907  
-0.140589  
-0.138122  
-0.135505  
-0.132738  
-0.129821  
-0.126477  
-0.123277  
-0.119926  
-0.116421  
-0.112763  
-0.108760  
-0.104811  
-0.100711  
-0.096463  
-0.092074  
-0.087448  
-0.082827  
-0.078102  
-0.073230  
-0.068362  
-0.063441  
-0.058481  
-0.053503  
-0.048527  
-0.043555  
-0.038601  
-0.033682  
-0.028908  
-0.024150  
-0.019506  
-0.014997  
-0.010634  
-0.006423  
-0.002558  
0.001325  
0.005057  
0.008641  
0.012080  
0.015382  
0.018550  
0.021592  
0.024861  
0.027691  
