0.000000  
0.119997  
0.269971  
0.419913  
0.569821  
0.719699  
0.869553  
1.019384  
1.169193  
1.318981  
1.468746  
1.618487  
1.768200  
1.917881  
2.067525  
2.217128  
2.366683  
2.516185  
2.665630  
2.815015  
2.964338  
3.113598  
3.262796  
3.411933  
3.561010  
3.710029  
3.858989  
4.007889  
4.156730  
4.305508  
4.454223  
4.602872  
4.751454  
4.899971  
5.048422  
5.196810  
5.345137  
5.493408  
5.641624  
5.789790  
5.937906  
6.085973  
6.233992  
6.381961  
6.529880  
6.677747  
6.825561  
6.973321  
7.121028  
7.268682  
7.416287  
7.563843  
7.711353  
7.858819  
8.006242  
8.153621  
8.300957  
8.448249  
8.595495  
8.742693  
8.889841  
9.036940  
9.183988  
9.330986  
9.477936  
9.624839  
9.771696  
9.918509  
10.065279  
10.212005  
10.358687  
10.505325  
10.651915  
10.798457  
10.944949  
11.091390  
11.237779  
11.384117  
11.530404  
11.676643  
11.822833  
11.968977  
12.115076  
12.261130  
12.407138  
12.553101  
12.699018  
12.844886  
12.990705  
13.136475  
13.282194  
13.427864  
13.573485  
13.719058  
13.864585  
14.010067  
14.155505  
14.300898  
14.446248  
14.591554  
14.736814  
14.882027  
15.027193  
15.172310  
15.317377  
15.462396  
15.607366  
15.752289  
15.897165  
16.041996  
16.186783  
16.331527  
16.476227  
16.620884  
16.765496  
16.910063  
17.054585  
17.199059  
17.343487  
17.487868  
17.632202  
17.776491  
17.920735  
18.064936  
18.209094  
18.353210  
18.497284  
18.641315  
18.785304  
18.929249  
19.073149  
19.217003  
19.360812  
19.504574  
19.648291  
19.791962  
19.935589  
20.079173  
20.222714  
20.366213  
20.509671  
20.653086  
20.796459  
20.939789  
21.083076  
21.226317  
21.369514  
21.512666  
21.655773  
21.798835  
21.941854  
22.084830  
22.227763  
22.370655  
22.513506  
22.656315  
22.799082  
22.941806  
23.084487  
23.227125  
23.369718  
23.512267  
23.654772  
23.797233  
23.939651  
24.082028  
24.224362  
24.366656  
24.508910  
24.651123  
24.793296  
24.935427  
25.077518  
25.219566  
25.361571  
25.503535  
25.645455  
25.787334  
25.929171  
26.070967  
26.212722  
26.354438  
26.496113  
26.637749  
26.779345  
26.920900  
27.062414  
27.203887  
27.345318  
27.486707  
27.628054  
27.769359  
27.910622  
28.051845  
28.193028  
28.334170  
28.475273  
28.616337  
28.757362  
28.898347  
29.039291  
29.180195  
29.321059  
29.461881  
29.602662  
29.743403  
29.884103  
30.024763  
30.165383  
30.305965  
30.446507  
30.587011  
30.727477  
30.867904  
31.008291  
31.148639  
31.288947  
31.429215  
31.569443  
31.709632  
31.849781  
31.989890  
32.129962  
32.269995  
32.409990  
32.549947  
32.689867  
32.829749  
32.969593  
33.109398  
33.249164  
33.388891  
33.528580  
33.668229  
33.807839  
33.947411  
34.086944  
34.226440  
34.365898  
34.505318  
34.644701  
34.784047  
34.923355  
35.062624  
35.201856  
35.341049  
35.480203  
35.619319  
35.758397  
35.897436  
36.036439  
36.175404  
36.314332  
36.453223  
36.592078  
36.730896  
36.869678  
37.008422  
37.147129  
37.285799  
37.424431  
37.563025  
37.701582  
37.840102  
37.978585  
38.117032  
38.255443  
38.393817  
38.532155  
38.670457  
38.808723  
38.946952  
39.085145  
39.223301  
39.361419  
39.499501  
39.637546  
39.775554  
39.913526  
40.051461  
40.189361  
40.327224  
40.465052  
40.602844  
40.740600  
40.878319  
41.016002  
41.153648  
41.291257  
41.428829  
41.566365  
41.703863  
41.841325  
41.978750  
42.116139  
42.253492  
42.390808  
42.528088  
42.665331  
42.802538  
42.939707  
43.076839  
43.213934  
43.350990  
43.488009  
43.624990  
43.761933  
43.898838  
44.035704  
44.172532  
44.309322  
44.446073  
44.582784  
44.719455  
44.856085  
44.992674  
45.129220  
45.265723  
45.402183  
45.538597  
45.674966  
45.811288  
45.947562  
46.083787  
46.219960  
46.356081  
46.492147  
46.628155  
46.764104  
46.899990  
47.035809  
47.171559  
47.307234  
47.442831  
47.578345  
47.713770  
47.849101  
47.984330  
48.119450  
48.254455  
48.389337  
48.524085  
48.658691  
48.793145  
48.927438  
49.061558  
49.195497  
49.329247  
49.462799  
49.596146  
49.729283  
49.862203  
49.994900  
50.127372  
50.259612  
50.391616  
50.523382  
50.654907  
50.786188  
50.917231  
51.048044  
51.178650  
51.309081  
51.439376  
51.569579  
51.699729  
51.829861  
51.960003  
52.090189  
52.220472  
52.350903  
52.481484  
52.612203  
52.743047  
52.874008  
53.005084  
53.136276  
53.267583  
53.399000  
53.530517  
53.662126  
53.793814  
53.925571  
54.057381  
54.189230  
54.321102  
54.452979  
54.584845  
54.716687  
54.848490  
54.980244  
55.111936  
55.243558  
55.375099  
55.506551  
55.637906  
55.769154  
55.900289  
56.031301  
56.162184  
56.292930  
56.423537  
56.554003  
56.684330  
56.814525  
56.944592  
57.074536  
57.204365  
57.334083  
57.463697  
57.593211  
57.722632  
57.851962  
57.981208  
58.110373  
58.239462  
58.368479  
58.497428  
58.626312  
58.755133  
58.883894  
59.012596  
59.141240  
59.269826  
59.398353  
59.526821  
59.655231  
59.783583  
59.911878  
60.040117  
60.168301  
60.296431  
60.424510  
60.552537  
60.680515  
60.808443  
60.936322  
61.064151  
61.191931  
61.319660  
61.447338  
61.574963  
61.702536  
61.830055  
61.957520  
62.084930  
62.212284  
62.339580  
62.466815  
62.593989  
62.721098  
62.848138  
62.975109  
63.102005  
63.228826  
63.355568  
63.482229  
63.608809  
63.735306  
63.861718  
63.988045  
64.114286  
64.240439  
64.366503  
64.492477  
64.618358  
64.744144  
64.869835  
64.995426  
65.120918  
65.246310  
65.371603  
65.496800  
65.621902  
65.746913  
65.871835  
65.996670  
66.121421  
66.246087  
66.370672  
66.495175  
66.619599  
66.743942  
66.868207  
66.992395  
67.116505  
67.240541  
67.364501  
67.488388  
67.612202  
67.735944  
67.859613  
67.983210  
68.106734  
68.230184  
68.353560  
68.476859  
68.600080  
68.723223  
68.846287  
68.969270  
69.092172  
69.214993  
69.337731  
69.460385  
69.582956  
69.705441  
69.827841  
69.950154  
70.072380  
70.194518  
70.316568  
70.438531  
70.560405  
70.682193  
70.803895  
70.925512  
71.047045  
71.168495  
71.289864  
71.411152  
71.532359  
71.653487  
71.774535  
71.895505  
72.016396  
72.137209  
72.257946  
72.378606  
72.499190  
72.619699  
72.740134  
72.860494  
72.980781  
73.100995  
73.221135  
73.341203  
73.461197  
73.581118  
73.700966  
73.820742  
73.940445  
74.060077  
74.179637  
74.299128  
74.418550  
74.537903  
74.657189  
74.776408  
74.895559  
75.014645  
75.133664  
75.252618  
75.371506  
75.490329  
75.609088  
75.727783  
75.846414  
75.964983  
76.083491  
76.201938  
76.320325  
76.438652  
76.556921  
76.675133  
76.793287  
76.911385  
77.029426  
77.147411  
77.265337  
77.383205  
77.501011  
77.618753  
77.736430  
77.854039  
77.971577  
78.089041  
78.206430  
78.323739  
78.440967  
78.558112  
78.675171  
78.792143  
78.909026  
79.025818  
79.142520  
79.259131  
79.375650  
79.492079  
79.608417  
79.724664  
79.840822  
79.956891  
80.072871  
80.188763  
80.304567  
80.420285  
80.535918  
80.651464  
80.766926  
80.882305  
80.997599  
81.112811  
81.227940  
81.342986  
81.457950  
81.572832  
81.687631  
81.802347  
81.916980  
82.031529  
82.145995  
82.260377  
82.374674  
82.488887  
82.603016  
82.717060  
82.831019  
82.944893  
83.058683  
83.172387  
83.286006  
83.399540  
83.512988  
83.626351  
83.739628  
83.852819  
83.965925  
84.078944  
84.191879  
84.304728  
84.417492  
84.530170  
84.642763  
84.755271  
84.867694  
84.980030  
85.092282  
85.204447  
85.316526  
85.428518  
85.540424  
85.652243  
85.763975  
85.875621  
85.987179  
86.098650  
86.210034  
86.321330  
86.432539  
86.543660  
86.654693  
86.765638  
86.876493  
86.987260  
87.097938  
87.208528  
87.319028  
87.429439  
87.539760  
87.649992  
87.760135  
87.870187  
87.980150  
88.090022  
88.199803  
88.309493  
88.419091  
88.528599  
88.638017  
88.747347  
88.856588  
88.965743  
89.074811  
89.183795  
89.292696  
89.401513  
89.510249  
89.618903  
89.727476  
89.835968  
89.944380  
90.052712  
90.160964  
90.269136  
90.377228  
90.485241  
90.593173  
90.701026  
90.808798  
90.916490  
91.024100  
91.131630  
91.239077  
91.346443  
91.453725  
91.560924  
91.668040  
91.775073  
91.882022  
91.988887  
92.095669  
92.202366  
92.308979  
92.415509  
92.521954  
92.628314  
92.734591  
92.840783  
92.946891  
93.052914  
93.158853  
93.264707  
93.370477  
93.476164  
93.581765  
93.687283  
93.792716  
93.898066  
94.003331  
94.108512  
94.213608  
94.318620  
94.423547  
94.528390  
94.633147  
94.737819  
94.842405  
94.946906  
95.051322  
95.155653  
95.259897  
95.364056  
95.468130  
95.572118  
95.676020  
95.779835  
95.883565  
95.987208  
96.090765  
96.194234  
96.297618  
96.400914  
96.504124  
96.607247  
96.710284  
96.813233  
96.916096  
97.018873  
97.121562  
97.224165  
97.326681  
97.429109  
97.531451  
97.633705  
97.735872  
97.837952  
97.939945  
98.041851  
98.143670  
98.245402  
98.347048  
98.448606  
98.550078  
98.651462  
98.752760  
98.853970  
98.955092  
99.056127  
99.157073  
99.257931  
99.358699  
99.459377  
99.559964  
99.660461  
99.760866  
99.861179  
99.961400  
100.061527  
100.161561  
100.261500  
100.361345  
100.461095  
100.560750  
100.660310  
100.759774  
100.859142  
100.958415  
101.057592  
101.156674  
101.255659  
101.354549  
101.453342  
101.552040  
101.650642  
101.749147  
101.847557  
101.945870  
102.044086  
102.142206  
102.240230  
102.338156  
102.435985  
102.533718  
102.631353  
102.728892  
102.826333  
102.923676  
103.020922  
103.118069  
103.215118  
103.312068  
103.408920  
103.505672  
103.602325  
103.698879  
103.795333  
103.891686  
103.987940  
104.084094  
104.180148  
104.276101  
104.371954  
104.467705  
104.563355  
104.658904  
104.754351  
104.849696  
104.944940  
105.040080  
105.135118  
105.230053  
105.324885  
105.419614  
105.514239  
105.608760  
105.703177  
105.797490  
105.891699  
105.985804  
106.079804  
106.173700  
106.267491  
106.361176  
106.454757  
106.548233  
106.641603  
106.734867  
106.828026  
106.921079  
107.014026  
107.106866  
107.199600  
107.292227  
107.384747  
107.477159  
107.569464  
107.661662  
107.753751  
107.845733  
107.937606  
108.029370  
108.121026  
108.212572  
108.304008  
108.395335  
108.486551  
108.577658  
108.668654  
108.759541  
108.850318  
108.940985  
109.031542  
109.121990  
109.212327  
109.302555  
109.392673  
109.482681  
109.572580  
109.662369  
109.752047  
109.841616  
109.931075  
110.020425  
110.109664  
110.198792  
110.287811  
110.376719  
110.465516  
110.554203  
110.642778  
110.731243  
110.819596  
110.907837  
110.995967  
111.083985  
111.171891  
111.259684  
111.347364  
111.434931  
111.522386  
111.609727  
111.696954  
111.784069  
111.871069  
111.957955  
112.044728  
112.131387  
112.217931  
112.304361  
112.390677  
112.476878  
112.562965  
112.648937  
112.734794  
112.820536  
112.906162  
112.991673  
113.077068  
113.162347  
113.247510  
113.332558  
113.417489  
113.502303  
113.587002  
113.671584  
113.756049  
113.840398  
113.924630  
114.008745  
114.092742  
114.176622  
114.260385  
114.344029  
114.427557  
114.510967  
114.594259  
114.677433  
114.760490  
114.843428  
114.926249  
115.008952  
115.091536  
115.174001  
115.256348  
115.338577  
115.420685  
115.502675  
115.584545  
115.666295  
115.747926  
115.829437  
115.910828  
115.992098  
116.073248  
116.154278  
116.235188  
116.315977  
116.396645  
116.477192  
116.557618  
116.637922  
116.718105  
116.798166  
116.878107  
116.957926  
117.037624  
117.117199  
117.196654  
117.275986  
117.355196  
117.434283  
117.513248  
117.592091  
117.670811  
117.749408  
117.827883  
117.906234  
117.984463  
118.062569  
118.140551  
118.218410  
118.296146  
118.373757  
118.451245  
118.528609  
118.605848  
118.682963  
118.759955  
118.836821  
118.913563  
118.990180  
119.066673  
119.143040  
119.219283  
119.295401  
119.371393  
119.447260  
119.523002  
119.598619  
119.674109  
119.749475  
119.824714  
119.899828  
119.974815  
120.049676  
120.124411  
120.199019  
120.273500  
120.347854  
120.422081  
120.496180  
120.570152  
120.643997  
120.717713  
120.791302  
120.864764  
120.938098  
121.011304  
121.084383  
121.157333  
121.230155  
121.302848  
121.375412  
121.447847  
121.520154  
121.592331  
121.664380  
121.736299  
121.808089  
121.879749  
121.951280  
122.022681  
122.093952  
122.165093  
122.236104  
122.306986  
122.377737  
122.448358  
122.518849  
122.589210  
122.659440  
122.729539  
122.799506  
122.869343  
122.939049  
123.008623  
123.078065  
123.147376  
123.216555  
123.285602  
123.354517  
123.423300  
123.491950  
123.560468  
123.628853  
123.697105  
123.765224  
123.833210  
123.901062  
123.968782  
124.036369  
124.103822  
124.171142  
124.238329  
124.305381  
124.372300  
124.439084  
124.505735  
124.572251  
124.638634  
124.704882  
124.770996  
124.836976  
124.902821  
124.968532  
125.034108  
125.099549  
125.164857  
125.230030  
125.295069  
125.359973  
125.424743  
125.489379  
125.553881  
125.618248  
125.682481  
125.746578  
125.810541  
125.874368  
125.938060  
126.001616  
126.065037  
126.128322  
126.191470  
126.254483  
126.317359  
126.380098  
126.442701  
126.505168  
126.567497  
126.629690  
126.691746  
126.753665  
126.815447  
126.877092  
126.938599  
126.999969  
127.061201  
127.122295  
127.183251  
127.244069  
127.304749  
127.365291  
127.425696  
127.485962  
127.546090  
127.606081  
127.665932  
127.725645  
127.785219  
127.844655  
127.903951  
127.963110  
128.022129  
128.081010  
128.139751  
128.198353  
128.256816  
128.315139  
128.373322  
128.431366  
128.489270  
128.547033  
128.604656  
128.662139  
128.719482  
128.776683  
128.833744  
128.890663  
128.947441  
129.004079  
129.060575  
129.116930  
129.173143  
129.229215  
129.285146  
129.340935  
129.396583  
129.452089  
129.507454  
129.562677  
129.617758  
129.672698  
129.727495  
129.782151  
129.836665  
129.891037  
129.945266  
129.999353  
130.053298  
130.107100  
130.160758  
130.214274  
130.267646  
130.320875  
130.373961  
130.426903  
130.479702  
130.532357  
130.584869  
130.637236  
130.689460  
130.741540  
130.793476  
130.845270  
130.896920  
130.948426  
130.999790  
131.051010  
131.102086  
131.153019  
131.203808  
131.254453  
131.304954  
131.355312  
131.405527  
131.455598  
131.505524  
131.555307  
131.604946  
131.654440  
131.703789  
131.752993  
131.802053  
131.850968  
131.899737  
131.948361  
131.996840  
132.045173  
132.093360  
132.141401  
132.189296  
132.237045  
132.284648  
132.332106  
132.379418  
132.426584  
132.473604  
132.520478  
132.567206  
132.613787  
132.660222  
132.706510  
132.752652  
132.798647  
132.844495  
132.890197  
132.935752  
132.981160  
133.026421  
133.071535  
133.116502  
133.161322  
133.205995  
133.250522  
133.294902  
133.339135  
133.383220  
133.427156  
133.470945  
133.514585  
133.558078  
133.601422  
133.644619  
133.687667  
133.730566  
133.773318  
133.815920  
133.858374  
133.900679  
133.942834  
133.984842  
134.026700  
134.068408  
134.109968  
134.151378  
134.192640  
134.233753  
134.274716  
134.315529  
134.356194  
134.396709  
134.437075  
134.477291  
134.517358  
134.557275  
134.597042  
134.636658  
134.676124  
134.715440  
134.754606  
134.793622  
134.832488  
134.871204  
134.909769  
134.948184  
134.986448  
135.024562  
135.062525  
135.100338  
135.138000  
135.175512  
135.212873  
135.250083  
135.287142  
135.324052  
135.360811  
135.397419  
135.433877  
135.470184  
135.506341  
135.542346  
135.578200  
135.613903  
135.649456  
135.684858  
135.720109  
135.755209  
135.790159  
135.824958  
135.859606  
135.894104  
135.928450  
135.962645  
135.996689  
136.030581  
136.064321  
136.097910  
136.131346  
136.164631  
136.197763  
136.230744  
136.263571  
136.296247  
136.328770  
136.361141  
136.393360  
136.425426  
136.457339  
136.489099  
136.520707  
136.552161  
136.583463  
136.614611  
136.645607  
136.676450  
136.707139  
136.737676  
136.768060  
136.798290  
136.828368  
136.858293  
136.888065  
136.917684  
136.947150  
136.976464  
137.005625  
137.034633  
137.063489  
137.092191  
137.120739  
137.149134  
137.177375  
137.205462  
137.233395  
137.261173  
137.288797  
137.316267  
137.343582  
137.370742  
137.397748  
137.424599  
137.451296  
137.477839  
137.504229  
137.530464  
137.556544  
137.582471  
137.608243  
137.633861  
137.659323  
137.684632  
137.709785  
137.734784  
137.759628  
137.784317  
137.808851  
137.833231  
137.857455  
137.881524  
137.905438  
137.929196  
137.952799  
137.976246  
137.999537  
138.022673  
138.045653  
138.068478  
138.091148  
138.113663  
138.136022  
138.158227  
138.180276  
138.202170  
138.223909  
138.245493  
138.266922  
138.288195  
138.309314  
138.330277  
138.351084  
138.371737  
138.392235  
138.412578  
138.432765  
138.452797  
138.472673  
138.492394  
138.511958  
138.531367  
138.550620  
138.569718  
138.588660  
138.607446  
138.626076  
138.644550  
138.662870  
138.681034  
138.699043  
138.716896  
138.734594  
138.752136  
138.769522  
138.786751  
138.803825  
138.820743  
138.837505  
138.854110  
138.870559  
138.886852  
138.902988  
138.918969  
138.934793  
138.950460  
138.965971  
138.981326  
138.996523  
139.011563  
139.026446  
139.041173  
139.055743  
139.070155  
139.084411  
139.098510  
139.112452  
139.126237  
139.139866  
139.153337  
139.166652  
139.179811  
139.192812  
139.205657  
139.218345  
139.230876  
139.243249  
139.255466  
139.267525  
139.279426  
139.291171  
139.302759  
139.314190  
139.325464  
139.336581  
139.347541  
139.358343  
139.368988  
139.379476  
139.389806  
139.399979  
139.409995  
139.419853  
139.429553  
139.439096  
139.448481  
139.457709  
139.466779  
139.475692  
139.484447  
139.493044  
139.501482  
139.509763  
139.517885  
139.525850  
139.533657  
139.541307  
139.548798  
139.556133  
139.563309  
139.570328  
139.577190  
139.583893  
139.590439  
139.596827  
139.603059  
139.609134  
139.615051  
139.620812  
139.626416  
139.631862  
139.637152  
139.642283  
139.647258  
139.652076  
139.656737  
139.661240  
139.665585  
139.669774  
139.673805  
139.677678  
139.681393  
139.684951  
139.688351  
139.691593  
139.694677  
139.697604  
139.700373  
139.702984  
139.705438  
139.707734  
139.709873  
139.711855  
139.713679  
139.715346  
139.716855  
139.718207  
139.719401  
139.720439  
139.721319  
139.722041  
139.722606  
139.723013  
139.723263  
139.723355  
139.723288  
139.723064  
139.722682  
139.722143  
139.721445  
139.720589  
139.719576  
139.718405  
139.717076  
139.715590  
139.713946  
139.712144  
139.710185  
139.708069  
139.705794  
139.703362  
139.700773  
139.698026  
139.695120  
139.692057  
139.688835  
139.685456  
139.681920  
139.678226  
139.674375  
139.670366  
139.666200  
139.661876  
139.657395  
139.652757  
139.647961  
139.643008  
139.637898  
139.632630  
139.627204  
139.621621  
139.615880  
139.609981  
139.603923  
139.597708  
139.591334  
139.584802  
139.578112  
139.571264  
139.564257  
139.557092  
139.549769  
139.542288  
139.534650  
139.526853  
139.518898  
139.510786  
139.502516  
139.494088  
139.485503  
139.476760  
139.467859  
139.458801  
139.449585  
139.440211  
139.430681  
139.420993  
139.411148  
139.401145  
139.390986  
139.380671  
139.370198  
139.359569  
139.348783  
139.337841  
139.326742  
139.315487  
139.304075  
139.292507  
139.280782  
139.268901  
139.256864  
139.244670  
139.232320  
139.219813  
139.207150  
139.194330  
139.181354  
139.168221  
139.154932  
139.141486  
139.127882  
139.114122  
139.100204  
139.086130  
139.071899  
139.057511  
139.042966  
139.028265  
139.013406  
138.998390  
138.983217  
138.967887  
138.952401  
138.936758  
138.920958  
138.905001  
138.888888  
138.872619  
138.856194  
138.839614  
138.822878  
138.805986  
138.788938  
138.771734  
138.754374  
138.736859  
138.719187  
138.701359  
138.683376  
138.665236  
138.646940  
138.628488  
138.609880  
138.591116  
138.572196  
138.553120  
138.533889  
138.514501  
138.494958  
138.475259  
138.455404  
138.435393  
138.415226  
138.394903  
138.374423  
138.353788  
138.332996  
138.312050  
138.290947  
138.269690  
138.248276  
138.226708  
138.204983  
138.183103  
138.161067  
138.138875  
138.116528  
138.094025  
138.071367  
138.048553  
138.025583  
138.002459  
137.979179  
137.955743  
137.932152  
137.908406  
137.884504  
137.860446  
137.836233  
137.811864  
137.787341  
137.762662  
137.737829  
137.712841  
137.687698  
137.662401  
137.636950  
137.611345  
137.585586  
137.559673  
137.533607  
137.507387  
137.481013  
137.454486  
137.427805  
137.400971  
137.373984  
137.346844  
137.319549  
137.292102  
137.264501  
137.236746  
137.208838  
137.180775  
137.152560  
137.124190  
137.095667  
137.066991  
137.038161  
137.009178  
136.980042  
136.950753  
136.921311  
136.891717  
136.861969  
136.832069  
136.802016  
136.771809  
136.741450  
136.710938  
136.680273  
136.649456  
136.618485  
136.587361  
136.556085  
136.524655  
136.493072  
136.461336  
136.429447  
136.397407  
136.365213  
136.332868  
136.300370  
136.267720  
136.234918  
136.201964  
136.168857  
136.135598  
136.102188  
136.068625  
136.034910  
136.001043  
135.967024  
135.932854  
135.898532  
135.864058  
135.829432  
135.794654  
135.759726  
135.724646  
135.689414  
135.654031  
135.618496  
135.582810  
135.546972  
135.510982  
135.474841  
135.438548  
135.402104  
135.365509  
135.328762  
135.291865  
135.254816  
135.217617  
135.180266  
135.142765  
135.105113  
135.067311  
135.029358  
134.991255  
134.953001  
134.914597  
134.876043  
134.837338  
134.798483  
134.759478  
134.720323  
134.681017  
134.641561  
134.601955  
134.562198  
134.522292  
134.482237  
134.442033  
134.401680  
134.361178  
134.320527  
134.279727  
134.238778  
134.197680  
134.156434  
134.115039  
134.073496  
134.031805  
133.989965  
133.947976  
133.905840  
133.863556  
133.821124  
133.778543  
133.735815  
133.692939  
133.649915  
133.606743  
133.563423  
133.519956  
133.476341  
133.432577  
133.388666  
133.344607  
133.300400  
133.256046  
133.211544  
133.166894  
133.122097  
133.077153  
133.032062  
132.986824  
132.941439  
132.895907  
132.850228  
132.804403  
132.758431  
132.712312  
132.666047  
132.619635  
132.573077  
132.526372  
132.479520  
132.432523  
132.385379  
132.338089  
132.290652  
132.243070  
132.195341  
132.147467  
132.099448  
132.051282  
132.002971  
131.954515  
131.905914  
131.857167  
131.808275  
131.759238  
131.710056  
131.660729  
131.611258  
131.561641  
131.511880  
131.461974  
131.411924  
131.361729  
131.311389  
131.260905  
131.210277  
131.159505  
131.108588  
131.057527  
131.006322  
130.954972  
130.903478  
130.851840  
130.800057  
130.748130  
130.696059  
130.643844  
130.591484  
130.538981  
130.486335  
130.433545  
130.380611  
130.327534  
130.274314  
130.220950  
130.167442  
130.113792  
130.059998  
130.006061  
129.951983  
129.897762  
129.843399  
129.788894  
129.734247  
129.679459  
129.624529  
129.569457  
129.514244  
129.458889  
129.403393  
129.347756  
129.291978  
129.236060  
129.180001  
129.123802  
129.067462  
129.010982  
128.954362  
128.897602  
128.840702  
128.783661  
128.726481  
128.669160  
128.611700  
128.554101  
128.496361  
128.438482  
128.380463  
128.322304  
128.264005  
128.205566  
128.146987  
128.088269  
128.029412  
127.970415  
127.911279  
127.852003  
127.792589  
127.733036  
127.673344  
127.613513  
127.553544  
127.493437  
127.433192  
127.372808  
127.312286  
127.251627  
127.190830  
127.129896  
127.068824  
127.007614  
126.946268  
126.884784  
126.823163  
126.761405  
126.699509  
126.637477  
126.575308  
126.513002  
126.450559  
126.387980  
126.325263  
126.262410  
126.199420  
126.136293  
126.073030  
126.009630  
125.946094  
125.882421  
125.818612  
125.754667  
125.690587  
125.626370  
125.562018  
125.497530  
125.432907  
125.368149  
125.303256  
125.238227  
125.173064  
125.107766  
125.042334  
124.976767  
124.911065  
124.845229  
124.779259  
124.713154  
124.646914  
124.580540  
124.514032  
124.447390  
124.380614  
124.313704  
124.246660  
124.179483  
124.112172  
124.044727  
123.977149  
123.909438  
123.841594  
123.773618  
123.705509  
123.637268  
123.568894  
123.500388  
123.431750  
123.362980  
123.294078  
123.225045  
123.155880  
123.086584  
123.017157  
122.947598  
122.877909  
122.808089  
122.738139  
122.668058  
122.597847  
122.527505  
122.457034  
122.386433  
122.315701  
122.244840  
122.173850  
122.102730  
122.031480  
121.960102  
121.888593  
121.816956  
121.745190  
121.673295  
121.601270  
121.529117  
121.456835  
121.384424  
121.311884  
121.239215  
121.166418  
121.093492  
121.020438  
120.947256  
120.873946  
120.800509  
120.726943  
120.653249  
120.579427  
120.505477  
120.431400  
120.357195  
120.282863  
120.208403  
120.133816  
120.059102  
119.984262  
119.909297  
119.834205  
119.758987  
119.683643  
119.608173  
119.532578  
119.456856  
119.381009  
119.305037  
119.228940  
119.152717  
119.076369  
118.999896  
118.923298  
118.846575  
118.769727  
118.692755  
118.615658  
118.538436  
118.461090  
118.383619  
118.306024  
118.228305  
118.150462  
118.072496  
117.994406  
117.916192  
117.837855  
117.759396  
117.680813  
117.602108  
117.523279  
117.444329  
117.365255  
117.286058  
117.206739  
117.127298  
117.047734  
116.968048  
116.888239  
116.808309  
116.728256  
116.648082  
116.567787  
116.487370  
116.406831  
116.326172  
116.245391  
116.164489  
116.083467  
116.002324  
115.921061  
115.839677  
115.758174  
115.676551  
115.594808  
115.512947  
115.430966  
115.348867  
115.266649  
115.184312  
115.101857  
115.019283  
114.936592  
114.853782  
114.770854  
114.687809  
114.604646  
114.521366  
114.437968  
114.354453  
114.270820  
114.187071  
114.103205  
114.019221  
113.935121  
113.850903  
113.766569  
113.682118  
113.597550  
113.512866  
113.428065  
113.343148  
113.258115  
113.172965  
113.087700  
113.002319  
112.916822  
112.831210  
112.745483  
112.659642  
112.573685  
112.487614  
112.401428  
112.315128  
112.228714  
112.142186  
112.055544  
111.968789  
111.881919  
111.794936  
111.707839  
111.620629  
111.533305  
111.445868  
111.358318  
111.270655  
111.182878  
111.094989  
111.006987  
110.918873  
110.830645  
110.742306  
110.653854  
110.565291  
110.476616  
110.387829  
110.298932  
110.209923  
110.120803  
110.031572  
109.942230  
109.852778  
109.763215  
109.673542  
109.583759  
109.493866  
109.403863  
109.313751  
109.223528  
109.133196  
109.042755  
108.952204  
108.861544  
108.770775  
108.679896  
108.588909  
108.497813  
108.406608  
108.315295  
108.223874  
108.132346  
108.040709  
107.948965  
107.857113  
107.765154  
107.673087  
107.580913  
107.488632  
107.396243  
107.303748  
107.211145  
107.118437  
107.025622  
106.932701  
106.839674  
106.746542  
106.653304  
106.559961  
106.466513  
106.372960  
106.279303  
106.185541  
106.091675  
105.997705  
105.903631  
105.809453  
105.715171  
105.620787  
105.526299  
105.431709  
105.337015  
105.242219  
105.147319  
105.052317  
104.957212  
104.862004  
104.766694  
104.671281  
104.575766  
104.480149  
104.384430  
104.288608  
104.192685  
104.096659  
104.000532  
103.904304  
103.807974  
103.711543  
103.615011  
103.518378  
103.421644  
103.324810  
103.227875  
103.130840  
103.033705  
102.936471  
102.839137  
102.741704  
102.644172  
102.546541  
102.448812  
102.350983  
102.253056  
102.155031  
102.056908  
101.958687  
101.860367  
101.761950  
101.663435  
101.564823  
101.466114  
101.367307  
101.268403  
101.169403  
101.070306  
100.971112  
100.871821  
100.772435  
100.672952  
100.573373  
100.473699  
100.373928  
100.274062  
100.174101  
100.074044  
99.973893  
99.873646  
99.773305  
99.672869  
99.572338  
99.471713  
99.370992  
99.270178  
99.169270  
99.068268  
98.967172  
98.865984  
98.764701  
98.663326  
98.561857  
98.460294  
98.358639  
98.256891  
98.155051  
98.053119  
97.951095  
97.848978  
97.746771  
97.644472  
97.542083  
97.439603  
97.337032  
97.234371  
97.131620  
97.028779  
96.925848  
96.822827  
96.719717  
96.616518  
96.513229  
96.409850  
96.306383  
96.202826  
96.099181  
95.995448  
95.891625  
95.787715  
95.683716  
95.579630  
95.475455  
95.371193  
95.266844  
95.162407  
95.057884  
94.953273  
94.848576  
94.743792  
94.638921  
94.533965  
94.428922  
94.323793  
94.218579  
94.113279  
94.007893  
93.902421  
93.796864  
93.691222  
93.585495  
93.479683  
93.373786  
93.267805  
93.161739  
93.055590  
92.949357  
92.843040  
92.736639  
92.630155  
92.523587  
92.416936  
92.310202  
92.203385  
92.096486  
91.989505  
91.882441  
91.775296  
91.668068  
91.560759  
91.453369  
91.345897  
91.238344  
91.130710  
91.022995  
90.915200  
90.807324  
90.699368  
90.591332  
90.483216  
90.375020  
90.266745  
90.158389  
90.049954  
89.941440  
89.832847  
89.724175  
89.615423  
89.506594  
89.397686  
89.288699  
89.179634  
89.070491  
88.961271  
88.851972  
88.742596  
88.633143  
88.523612  
88.414005  
88.304321  
88.194560  
88.084723  
87.974810  
87.864821  
87.754756  
87.644615  
87.534399  
87.424107  
87.313740  
87.203299  
87.092782  
86.982191  
86.871526  
86.760787  
86.649973  
86.539086  
86.428125  
86.317091  
86.205983  
86.094803  
85.983550  
85.872224  
85.760826  
85.649356  
85.537814  
85.426200  
85.314515  
85.202759  
85.090931  
84.979032  
84.867062  
84.755021  
84.642909  
84.530727  
84.418475  
84.306152  
84.193760  
84.081298  
83.968766  
83.856165  
83.743495  
83.630756  
83.517948  
83.405072  
83.292127  
83.179113  
83.066032  
82.952883  
82.839666  
82.726381  
82.613029  
82.499609  
82.386122  
82.272567  
82.158946  
82.045258  
81.931503  
81.817682  
81.703794  
81.589840  
81.475821  
81.361736  
81.247585  
81.133369  
81.019088  
80.904742  
80.790331  
80.675856  
80.561316  
80.446713  
80.332045  
80.217314  
80.102518  
79.987659  
79.872737  
79.757752  
79.642704  
79.527593  
79.412419  
79.297183  
79.181885  
79.066525  
78.951103  
78.835619  
78.720074  
78.604468  
78.488800  
78.373072  
78.257283  
78.141433  
78.025523  
77.909552  
77.793521  
77.677431  
77.561280  
77.445071  
77.328802  
77.212474  
77.096087  
76.979641  
76.863137  
76.746574  
76.629953  
76.513273  
76.396536  
76.279741  
76.162889  
76.045979  
75.929012  
75.811989  
75.694909  
75.577772  
75.460579  
75.343330  
75.226025  
75.108665  
74.991250  
74.873779  
74.756253  
74.638672  
74.521036  
74.403346  
74.285602  
74.167804  
74.049952  
73.932046  
73.814087  
73.696074  
73.578009  
73.459890  
73.341719  
73.223495  
73.105218  
72.986889  
72.868508  
72.750075  
72.631590  
72.513054  
72.394467  
72.275828  
72.157138  
72.038397  
71.919606  
71.800765  
71.681873  
71.562931  
71.443939  
71.324897  
71.205806  
71.086665  
70.967475  
70.848236  
70.728948  
70.609612  
70.490228  
70.370795  
70.251314  
70.131786  
70.012210  
69.892586  
69.772915  
69.653197  
69.533432  
69.413620  
69.293762  
69.173857  
69.053906  
68.933909  
68.813866  
68.693777  
68.573643  
68.453464  
68.333239  
68.212970  
68.092657  
67.972299  
67.851896  
67.731450  
67.610960  
67.490426  
67.369848  
67.249227  
67.128563  
67.007856  
66.887107  
66.766314  
66.645479  
66.524602  
66.403682  
66.282721  
66.161718  
66.040674  
65.919589  
65.798463  
65.677296  
65.556088  
65.434840  
65.313552  
65.192223  
65.070855  
64.949447  
64.828000  
64.706513  
64.584987  
64.463422  
64.341818  
64.220176  
64.098495  
63.976776  
63.855020  
63.733225  
63.611393  
63.489524  
63.367618  
63.245674  
63.123694  
63.001678  
62.879625  
62.757536  
62.635411  
62.513250  
62.391054  
62.268823  
62.146556  
62.024255  
61.901918  
61.779547  
61.657142  
61.534702  
61.412229  
61.289721  
61.167180  
61.044605  
60.921997  
60.799356  
60.676683  
60.553976  
60.431237  
60.308466  
60.185663  
60.062828  
59.939960  
59.817062  
59.694132  
59.571171  
59.448178  
59.325156  
59.202102  
59.079018  
58.955904  
58.832760  
58.709587  
58.586384  
58.463151  
58.339889  
58.216599  
58.093279  
57.969932  
57.846555  
57.723151  
57.599718  
57.476258  
57.352770  
57.229255  
57.105713  
56.982143  
56.858547  
56.734924  
56.611274  
56.487599  
56.363897  
56.240169  
56.116416  
55.992637  
55.868832  
55.745002  
55.621148  
55.497268  
55.373364  
55.249436  
55.125484  
55.001507  
54.877507  
54.753483  
54.629436  
54.505365  
54.381272  
54.257156  
54.133017  
54.008856  
53.884673  
53.760468  
53.636241  
53.511992  
53.387722  
53.263431  
53.139119  
53.014786  
52.890432  
52.766058  
52.641664  
52.517250  
52.392815  
52.268362  
52.143889  
52.019396  
51.894885  
51.770354  
51.645805  
51.521238  
51.396653  
51.272049  
51.147428  
51.022789  
50.898132  
50.773459  
50.648768  
50.524060  
50.399336  
50.274596  
50.149839  
50.025067  
49.900278  
49.775474  
49.650655  
49.525820  
49.400971  
49.276106  
49.151227  
49.026333  
48.901425  
48.776504  
48.651568  
48.526618  
48.401655  
48.276679  
48.151689  
48.026687  
47.901672  
47.776645  
47.651605  
47.526553  
47.401489  
47.276414  
47.151327  
47.026228  
46.901119  
46.775999  
46.650868  
46.525726  
46.400574  
46.275412  
46.150240  
46.025059  
45.899867  
45.774667  
45.649457  
45.524238  
45.399011  
45.273775  
45.148531  
45.023278  
44.898018  
44.772750  
44.647475  
44.522192  
44.396902  
44.271605  
44.146301  
44.020991  
43.895674  
43.770351  
43.645022  
43.519688  
43.394348  
43.269002  
43.143652  
43.018296  
42.892935  
42.767570  
42.642201  
42.516827  
42.391450  
42.266068  
42.140683  
42.015295  
41.889903  
41.764508  
41.639111  
41.513711  
41.388308  
41.262904  
41.137497  
41.012089  
40.886679  
40.761267  
40.635855  
40.510441  
40.385027  
40.259612  
40.134196  
40.008781  
39.883365  
39.757950  
39.632535  
39.507120  
39.381707  
39.256294  
39.130883  
39.005473  
38.880064  
38.754658  
38.629253  
38.503851  
38.378451  
38.253053  
38.127658  
38.002266  
37.876878  
37.751492  
37.626110  
37.500732  
37.375358  
37.249988  
37.124623  
36.999262  
36.873905  
36.748554  
36.623208  
36.497867  
36.372531  
36.247202  
36.121878  
35.996561  
35.871249  
35.745944  
35.620646  
35.495355  
35.370071  
35.244795  
35.119525  
34.994264  
34.869010  
34.743765  
34.618528  
34.493299  
34.368079  
34.242868  
34.117666  
33.992474  
33.867290  
33.742117  
33.616953  
33.491799  
33.366656  
33.241523  
33.116401  
32.991289  
32.866189  
32.741100  
32.616022  
32.490956  
32.365902  
32.240860  
32.115830  
31.990813  
31.865808  
31.740816  
31.615838  
31.490872  
31.365920  
31.240982  
31.116057  
30.991147  
30.866250  
30.741369  
30.616502  
30.491650  
30.366813  
30.241991  
30.117184  
29.992394  
29.867619  
29.742860  
29.618117  
29.493391  
29.368682  
29.243989  
29.119314  
28.994655  
28.870014  
28.745391  
28.620786  
28.496198  
28.371629  
28.247078  
28.122546  
27.998033  
27.873539  
27.749064  
27.624608  
27.500172  
27.375756  
27.251360  
27.126984  
27.002629  
26.878294  
26.753980  
26.629687  
26.505416  
26.381165  
26.256937  
26.132730  
26.008545  
25.884382  
25.760241  
25.636123  
25.512028  
25.387955  
25.263906  
25.139880  
25.015877  
24.891898  
24.767943  
24.644012  
24.520104  
24.396222  
24.272364  
24.148530  
24.024722  
23.900939  
23.777181  
23.653449  
23.529743  
23.406062  
23.282408  
23.158780  
23.035179  
22.911605  
22.788058  
22.664537  
22.541045  
22.417579  
22.294142  
22.170733  
22.047352  
21.923999  
21.800675  
21.677379  
21.554113  
21.430875  
21.307667  
21.184489  
21.061340  
20.938221  
20.815132  
20.692074  
20.569046  
20.446048  
20.323081  
20.200146  
20.077242  
19.954369  
19.831528  
19.708719  
19.585941  
19.463197  
19.340484  
19.217805  
19.095158  
18.972545  
18.849965  
18.727418  
18.604905  
18.482427  
18.359982  
18.237572  
18.115196  
17.992855  
17.870549  
17.748277  
17.626041  
17.503841  
17.381676  
17.259547  
17.137454  
17.015397  
16.893376  
16.771392  
16.649445  
16.527535  
16.405662  
16.283826  
16.162029  
16.040268  
15.918546  
15.796862  
15.675216  
15.553608  
15.432040  
15.310510  
15.189020  
15.067569  
14.946157  
14.824785  
14.703453  
14.582161  
14.460910  
14.339699  
14.218528  
14.097398  
13.976309  
13.855261  
13.734254  
13.613289  
13.492365  
13.371483  
13.250643  
13.129846  
13.009091  
12.888378  
12.767708  
12.647081  
12.526498  
12.405957  
12.285461  
12.165007  
12.044598  
11.924233  
11.803912  
11.683636  
11.563404  
11.443217  
11.323075  
11.202979  
11.082929  
10.962924  
10.842965  
10.723052  
10.603185  
10.483365  
10.363592  
10.243866  
10.124187  
10.004555  
9.884971  
9.765434  
9.645945  
9.526504  
9.407111  
9.287767  
9.168471  
9.049223  
8.930025  
8.810876  
8.691776  
8.572725  
8.453724  
8.334774  
8.215873  
8.097022  
7.978222  
7.859472  
7.740773  
7.622125  
7.503528  
7.384983  
7.266489  
7.148047  
7.029656  
6.911318  
6.793033  
6.674800  
6.556620  
6.438493  
6.320419  
6.202398  
6.084430  
5.966516  
5.848657  
5.730851  
5.613099  
5.495402  
5.377759  
5.260172  
5.142639  
5.025162  
4.907740  
4.790373  
4.673063  
4.555809  
4.438611  
4.321469  
4.204384  
4.087356  
3.970385  
3.853471  
3.736614  
3.619814  
3.503072  
3.386388  
3.269762  
3.153194  
3.036685  
2.920234  
2.803842  
2.687509  
2.571234  
2.455019  
2.338864  
2.222768  
2.106732  
1.990756  
1.874840  
1.758985  
1.643190  
1.527455  
1.411781  
1.296168  
1.180616  
1.065125  
0.949695  
0.834327  
0.719020  
0.603776  
0.488593  
0.373473  
0.258415  
0.143420  
0.028487  
-0.086382  
-0.201188  
-0.315930  
-0.430608  
-0.545223  
-0.659773  
-0.774259  
-0.888681  
-1.003038  
-1.117330  
-1.231557  
-1.345719  
-1.459815  
-1.573847  
-1.687812  
-1.801712  
-1.915545  
-2.029312  
-2.143013  
-2.256647  
-2.370214  
-2.483714  
-2.597147  
-2.710513  
-2.823811  
-2.937042  
-3.050205  
-3.163300  
-3.276327  
-3.389286  
-3.502175  
-3.614996  
-3.727748  
-3.840431  
-3.953045  
-4.065589  
-4.178063  
-4.290467  
-4.402801  
-4.515064  
-4.627257  
-4.739379  
-4.851431  
-4.963411  
-5.075321  
-5.187159  
-5.298925  
-5.410620  
-5.522243  
-5.633794  
-5.745273  
-5.856679  
-5.968013  
-6.079273  
-6.190461  
-6.301576  
-6.412617  
-6.523585  
-6.634479  
-6.745299  
-6.856045  
-6.966717  
-7.077315  
-7.187838  
-7.298287  
-7.408660  
-7.518959  
-7.629181  
-7.739328  
-7.849400  
-7.959395  
-8.069314  
-8.179157  
-8.288923  
-8.398613  
-8.508226  
-8.617762  
-8.727221  
-8.836603  
-8.945908  
-9.055135  
-9.164285  
-9.273357  
-9.382351  
-9.491268  
-9.600106  
-9.708867  
-9.817549  
-9.926153  
-10.034677  
-10.143123  
-10.251490  
-10.359777  
-10.467985  
-10.576113  
-10.684162  
-10.792131  
-10.900020  
-11.007828  
-11.115556  
-11.223204  
-11.330770  
-11.438256  
-11.545660  
-11.652983  
-11.760224  
-11.867383  
-11.974460  
-12.081455  
-12.188368  
-12.295197  
-12.401944  
-12.508608  
-12.615188  
-12.721686  
-12.828101  
-12.934432  
-13.040679  
-13.146843  
-13.252923  
-13.358919  
-13.464831  
-13.570659  
-13.676402  
-13.782060  
-13.887633  
-13.993121  
-14.098523  
-14.203840  
-14.309072  
-14.414217  
-14.519276  
-14.624248  
-14.729135  
-14.833935  
-14.938648  
-15.043274  
-15.147813  
-15.252265  
-15.356629  
-15.460906  
-15.565096  
-15.669197  
-15.773210  
-15.877135  
-15.980971  
-16.084718  
-16.188376  
-16.291946  
-16.395426  
-16.498818  
-16.602120  
-16.705332  
-16.808455  
-16.911489  
-17.014432  
-17.117285  
-17.220048  
-17.322720  
-17.425301  
-17.527791  
-17.630190  
-17.732498  
-17.834714  
-17.936838  
-18.038870  
-18.140810  
-18.242657  
-18.344412  
-18.446074  
-18.547643  
-18.649119  
-18.750502  
-18.851792  
-18.952989  
-19.054093  
-19.155103  
-19.256019  
-19.356842  
-19.457570  
-19.558204  
-19.658745  
-19.759191  
-19.859542  
-19.959799  
-20.059962  
-20.160029  
-20.260002  
-20.359880  
-20.459663  
-20.559350  
-20.658942  
-20.758439  
-20.857840  
-20.957144  
-21.056353  
-21.155466  
-21.254483  
-21.353402  
-21.452225  
-21.550952  
-21.649580  
-21.748112  
-21.846545  
-21.944881  
-22.043118  
-22.141258  
-22.239299  
-22.337242  
-22.435086  
-22.532831  
-22.630477  
-22.728025  
-22.825473  
-22.922822  
-23.020071  
-23.117222  
-23.214272  
-23.311222  
-23.408073  
-23.504823  
-23.601474  
-23.698024  
-23.794473  
-23.890822  
-23.987069  
-24.083215  
-24.179260  
-24.275203  
-24.371044  
-24.466784  
-24.562421  
-24.657956  
-24.753388  
-24.848719  
-24.943946  
-25.039071  
-25.134093  
-25.229011  
-25.323827  
-25.418538  
-25.513146  
-25.607650  
-25.702051  
-25.796348  
-25.890540  
-25.984629  
-26.078613  
-26.172493  
-26.266269  
-26.359939  
-26.453504  
-26.546964  
-26.640319  
-26.733568  
-26.826711  
-26.919749  
-27.012680  
-27.105506  
-27.198225  
-27.290838  
-27.383344  
-27.475743  
-27.568036  
-27.660222  
-27.752300  
-27.844271  
-27.936135  
-28.027891  
-28.119539  
-28.211079  
-28.302511  
-28.393835  
-28.485050  
-28.576157  
-28.667154  
-28.758042  
-28.848822  
-28.939492  
-29.030053  
-29.120504  
-29.210846  
-29.301079  
-29.391202  
-29.481216  
-29.571120  
-29.660914  
-29.750598  
-29.840173  
-29.929637  
-30.018991  
-30.108235  
-30.197368  
-30.286391  
-30.375302  
-30.464102  
-30.552791  
-30.641369  
-30.729836  
-30.818191  
-30.906435  
-30.994567  
-31.082587  
-31.170496  
-31.258292  
-31.345976  
-31.433548  
-31.521006  
-31.608352  
-31.695584  
-31.782702  
-31.869707  
-31.956599  
-32.043376  
-32.130039  
-32.216588  
-32.303023  
-32.389344  
-32.475550  
-32.561641  
-32.647618  
-32.733479  
-32.819225  
-32.904856  
-32.990371  
-33.075771  
-33.161054  
-33.246222  
-33.331274  
-33.416210  
-33.501030  
-33.585735  
-33.670323  
-33.754795  
-33.839151  
-33.923391  
-34.007513  
-34.091519  
-34.175408  
-34.259179  
-34.342833  
-34.426369  
-34.509788  
-34.593088  
-34.676271  
-34.759335  
-34.842282  
-34.925110  
-35.007819  
-35.090409  
-35.172880  
-35.255232  
-35.337464  
-35.419576  
-35.501569  
-35.583443  
-35.665196  
-35.746829  
-35.828341  
-35.909734  
-35.991007  
-36.072159  
-36.153190  
-36.234101  
-36.314891  
-36.395560  
-36.476109  
-36.556536  
-36.636842  
-36.717027  
-36.797090  
-36.877032  
-36.956852  
-37.036550  
-37.116126  
-37.195581  
-37.274913  
-37.354122  
-37.433210  
-37.512175  
-37.591018  
-37.669738  
-37.748335  
-37.826809  
-37.905161  
-37.983389  
-38.061493  
-38.139474  
-38.217332  
-38.295066  
-38.372677  
-38.450163  
-38.527526  
-38.604765  
-38.681880  
-38.758871  
-38.835737  
-38.912479  
-38.989096  
-39.065588  
-39.141955  
-39.218197  
-39.294314  
-39.370306  
-39.446173  
-39.521914  
-39.597530  
-39.673021  
-39.748386  
-39.823624  
-39.898737  
-39.973723  
-40.048583  
-40.123316  
-40.197923  
-40.272403  
-40.346756  
-40.420983  
-40.495082  
-40.569054  
-40.642898  
-40.716615  
-40.790205  
-40.863666  
-40.936999  
-41.010204  
-41.083281  
-41.156229  
-41.229049  
-41.301740  
-41.374302  
-41.446736  
-41.519041  
-41.591217  
-41.663264  
-41.735182  
-41.806971  
-41.878631  
-41.950161  
-42.021562  
-42.092833  
-42.163975  
-42.234987  
-42.305869  
-42.376621  
-42.447242  
-42.517734  
-42.588095  
-42.658325  
-42.728425  
-42.798393  
-42.868231  
-42.937936  
-43.007511  
-43.076953  
-43.146264  
-43.215443  
-43.284491  
-43.353406  
-43.422190  
-43.490842  
-43.559361  
-43.627748  
-43.696002  
-43.764123  
-43.832111  
-43.899967  
-43.967689  
-44.035278  
-44.102734  
-44.170056  
-44.237245  
-44.304301  
-44.371223  
-44.438011  
-44.504665  
-44.571186  
-44.637573  
-44.703826  
-44.769944  
-44.835929  
-44.901779  
-44.967495  
-45.033076  
-45.098523  
-45.163836  
-45.229014  
-45.294057  
-45.358965  
-45.423739  
-45.488379  
-45.552883  
-45.617252  
-45.681487  
-45.745586  
-45.809551  
-45.873380  
-45.937073  
-46.000631  
-46.064054  
-46.127342  
-46.190493  
-46.253508  
-46.316388  
-46.379131  
-46.441738  
-46.504209  
-46.566543  
-46.628740  
-46.690801  
-46.752724  
-46.814509  
-46.876157  
-46.937668  
-46.999041  
-47.060276  
-47.121373  
-47.182333  
-47.243154  
-47.303838  
-47.364384  
-47.424791  
-47.485060  
-47.545191  
-47.605184  
-47.665039  
-47.724754  
-47.784332  
-47.843770  
-47.903071  
-47.962232  
-48.021254  
-48.080137  
-48.138880  
-48.197484  
-48.255948  
-48.314273  
-48.372457  
-48.430502  
-48.488406  
-48.546170  
-48.603794  
-48.661278  
-48.718621  
-48.775824  
-48.832887  
-48.889808  
-48.946590  
-49.003230  
-49.059730  
-49.116089  
-49.172307  
-49.228384  
-49.284320  
-49.340115  
-49.395768  
-49.451280  
-49.506650  
-49.561878  
-49.616964  
-49.671907  
-49.726708  
-49.781367  
-49.835884  
-49.890258  
-49.944489  
-49.998577  
-50.052524  
-50.106327  
-50.159987  
-50.213504  
-50.266878  
-50.320110  
-50.373198  
-50.426142  
-50.478944  
-50.531602  
-50.584116  
-50.636487  
-50.688714  
-50.740798  
-50.792738  
-50.844534  
-50.896187  
-50.947696  
-50.999062  
-51.050284  
-51.101363  
-51.152298  
-51.203089  
-51.253737  
-51.304241  
-51.354601  
-51.404817  
-51.454889  
-51.504818  
-51.554602  
-51.604242  
-51.653737  
-51.703088  
-51.752295  
-51.801357  
-51.850274  
-51.899046  
-51.947673  
-51.996155  
-52.044491  
-52.092681  
-52.140725  
-52.188624  
-52.236377  
-52.283983  
-52.331443  
-52.378758  
-52.425926  
-52.472948  
-52.519824  
-52.566553  
-52.613137  
-52.659574  
-52.705864  
-52.752009  
-52.798006  
-52.843857  
-52.889562  
-52.935120  
-52.980532  
-53.025796  
-53.070913  
-53.115884  
-53.160706  
-53.205381  
-53.249908  
-53.294288  
-53.338520  
-53.382604  
-53.426540  
-53.470328  
-53.513969  
-53.557461  
-53.600806  
-53.644002  
-53.687050  
-53.729950  
-53.772701  
-53.815305  
-53.857760  
-53.900066  
-53.942224  
-53.984234  
-54.026095  
-54.067807  
-54.109371  
-54.150786  
-54.192052  
-54.233169  
-54.274136  
-54.314955  
-54.355624  
-54.396142  
-54.436511  
-54.476730  
-54.516800  
-54.556719  
-54.596488  
-54.636106  
-54.675575  
-54.714893  
-54.754062  
-54.793079  
-54.831947  
-54.870664  
-54.909231  
-54.947647  
-54.985913  
-55.024029  
-55.061994  
-55.099809  
-55.137473  
-55.174988  
-55.212351  
-55.249565  
-55.286629  
-55.323542  
-55.360305  
-55.396917  
-55.433379  
-55.469690  
-55.505851  
-55.541860  
-55.577719  
-55.613426  
-55.648983  
-55.684389  
-55.719643  
-55.754746  
-55.789698  
-55.824499  
-55.859148  
-55.893646  
-55.927993  
-55.962187  
-55.996230  
-56.030121  
-56.063860  
-56.097447  
-56.130883  
-56.164167  
-56.197300  
-56.230280  
-56.263109  
-56.295786  
-56.328311  
-56.360683  
-56.392903  
-56.424971  
-56.456886  
-56.488649  
-56.520260  
-56.551717  
-56.583023  
-56.614176  
-56.645176  
-56.676023  
-56.706717  
-56.737259  
-56.767648  
-56.797884  
-56.827967  
-56.857897  
-56.887675  
-56.917299  
-56.946770  
-56.976087  
-57.005252  
-57.034262  
-57.063119  
-57.091822  
-57.120371  
-57.148766  
-57.177007  
-57.205094  
-57.233027  
-57.260806  
-57.288431  
-57.315902  
-57.343218  
-57.370381  
-57.397390  
-57.424244  
-57.450945  
-57.477491  
-57.503883  
-57.530121  
-57.556205  
-57.582134  
-57.607909  
-57.633530  
-57.658996  
-57.684307  
-57.709463  
-57.734464  
-57.759310  
-57.784000  
-57.808536  
-57.832916  
-57.857141  
-57.881211  
-57.905125  
-57.928885  
-57.952488  
-57.975937  
-57.999230  
-58.022368  
-58.045351  
-58.068178  
-58.090850  
-58.113367  
-58.135729  
-58.157936  
-58.179988  
-58.201884  
-58.223626  
-58.245212  
-58.266643  
-58.287919  
-58.309039  
-58.330004  
-58.350814  
-58.371469  
-58.391968  
-58.412312  
-58.432501  
-58.452534  
-58.472412  
-58.492135  
-58.511702  
-58.531114  
-58.550371  
-58.569473  
-58.588418  
-58.607209  
-58.625844  
-58.644324  
-58.662647  
-58.680816  
-58.698828  
-58.716684  
-58.734384  
-58.751928  
-58.769315  
-58.786546  
-58.803621  
-58.820539  
-58.837301  
-58.853906  
-58.870356  
-58.886649  
-58.902785  
-58.918765  
-58.934589  
-58.950257  
-58.965768  
-58.981123  
-58.996322  
-59.011364  
-59.026250  
-59.040980  
-59.055553  
-59.069970  
-59.084230  
-59.098334  
-59.112280  
-59.126069  
-59.139701  
-59.153177  
-59.166495  
-59.179656  
-59.192660  
-59.205507  
-59.218197  
-59.230730  
-59.243106  
-59.255325  
-59.267386  
-59.279291  
-59.291039  
-59.302630  
-59.314064  
-59.325340  
-59.336460  
-59.347422  
-59.358228  
-59.368876  
-59.379367  
-59.389701  
-59.399878  
-59.409897  
-59.419759  
-59.429464  
-59.439011  
-59.448400  
-59.457631  
-59.466703  
-59.475619  
-59.484376  
-59.492975  
-59.501416  
-59.509699  
-59.517825  
-59.525793  
-59.533602  
-59.541254  
-59.548747  
-59.556084  
-59.563262  
-59.570283  
-59.577146  
-59.583852  
-59.590400  
-59.596790  
-59.603023  
-59.609098  
-59.615015  
-59.620776  
-59.626378  
-59.631824  
-59.637112  
-59.642243  
-59.647217  
-59.652034  
-59.656694  
-59.661197  
-59.665543  
-59.669732  
-59.673764  
-59.677639  
-59.681356  
-59.684917  
-59.688321  
-59.691568  
-59.694657  
-59.697589  
-59.700364  
-59.702982  
-59.705442  
-59.707745  
-59.709891  
-59.711878  
-59.713708  
-59.715379  
-59.716893  
-59.718249  
-59.719447  
-59.720488  
-59.721370  
-59.722094  
-59.722661  
-59.723070  
-59.723321  
-59.723414  
-59.723350  
-59.723129  
-59.722750  
-59.722213  
-59.721519  
-59.720667  
-59.719658  
-59.718491  
-59.717167  
-59.715686  
-59.714047  
-59.712250  
-59.710297  
-59.708185  
-59.705916  
-59.703490  
-59.700905  
-59.698162  
-59.695262  
-59.692203  
-59.688986  
-59.685611  
-59.682078  
-59.678387  
-59.674538  
-59.670532  
-59.666367  
-59.662045  
-59.657564  
-59.652926  
-59.648130  
-59.643177  
-59.638066  
-59.632797  
-59.627370  
-59.621785  
-59.616042  
-59.610141  
-59.604082  
-59.597866  
-59.591491  
-59.584958  
-59.578267  
-59.571418  
-59.564411  
-59.557247  
-59.549925  
-59.542445  
-59.534807  
-59.527012  
-59.519059  
-59.510949  
-59.502681  
-59.494255  
-59.485672  
-59.476931  
-59.468034  
-59.458978  
-59.449766  
-59.440397  
-59.430871  
-59.421188  
-59.411348  
-59.401351  
-59.391197  
-59.380886  
-59.370418  
-59.359793  
-59.349011  
-59.338072  
-59.326976  
-59.315723  
-59.304313  
-59.292747  
-59.281024  
-59.269144  
-59.257108  
-59.244915  
-59.232565  
-59.220060  
-59.207397  
-59.194578  
-59.181602  
-59.168471  
-59.155183  
-59.141738  
-59.128137  
-59.114379  
-59.100464  
-59.086393  
-59.072164  
-59.057779  
-59.043237  
-59.028539  
-59.013683  
-58.998671  
-58.983502  
-58.968177  
-58.952695  
-58.937057  
-58.921262  
-58.905311  
-58.889204  
-58.872941  
-58.856521  
-58.839945  
-58.823213  
-58.806326  
-58.789282  
-58.772082  
-58.754726  
-58.737214  
-58.719546  
-58.701722  
-58.683743  
-58.665607  
-58.647315  
-58.628867  
-58.610263  
-58.591502  
-58.572585  
-58.553511  
-58.534282  
-58.514896  
-58.495354  
-58.475656  
-58.455802  
-58.435792  
-58.415627  
-58.395305  
-58.374827  
-58.354194  
-58.333406  
-58.312461  
-58.291361  
-58.270106  
-58.248695  
-58.227129  
-58.205407  
-58.183530  
-58.161497  
-58.139309  
-58.116965  
-58.094464  
-58.071809  
-58.048998  
-58.026031  
-58.002908  
-57.979630  
-57.956196  
-57.932607  
-57.908863  
-57.884964  
-57.860909  
-57.836699  
-57.812334  
-57.787815  
-57.763141  
-57.738312  
-57.713329  
-57.688193  
-57.662902  
-57.637456  
-57.611857  
-57.586104  
-57.560197  
-57.534136  
-57.507920  
-57.481550  
-57.455027  
-57.428350  
-57.401518  
-57.374533  
-57.347394  
-57.320102  
-57.292656  
-57.265056  
-57.237303  
-57.209397  
-57.181337  
-57.153124  
-57.124757  
-57.096238  
-57.067565  
-57.038739  
-57.009760  
-56.980628  
-56.951342  
-56.921904  
-56.892313  
-56.862569  
-56.832672  
-56.802621  
-56.772418  
-56.742062  
-56.711552  
-56.680889  
-56.650073  
-56.619104  
-56.587982  
-56.556707  
-56.525279  
-56.493698  
-56.461964  
-56.430078  
-56.398040  
-56.365848  
-56.333505  
-56.301009  
-56.268361  
-56.235561  
-56.202608  
-56.169504  
-56.136247  
-56.102838  
-56.069276  
-56.035563  
-56.001697  
-55.967679  
-55.933509  
-55.899187  
-55.864714  
-55.830088  
-55.795312  
-55.760383  
-55.725303  
-55.690071  
-55.654688  
-55.619154  
-55.583469  
-55.547632  
-55.511644  
-55.475505  
-55.439215  
-55.402774  
-55.366182  
-55.329439  
-55.292546  
-55.255502  
-55.218306  
-55.180960  
-55.143463  
-55.105815  
-55.068016  
-55.030065  
-54.991964  
-54.953712  
-54.915309  
-54.876755  
-54.838051  
-54.799195  
-54.760190  
-54.721034  
-54.681728  
-54.642271  
-54.602665  
-54.562909  
-54.523003  
-54.482948  
-54.442744  
-54.402391  
-54.361889  
-54.321238  
-54.280439  
-54.239491  
-54.198395  
-54.157149  
-54.115756  
-54.074213  
-54.032522  
-53.990683  
-53.948695  
-53.906559  
-53.864275  
-53.821843  
-53.779262  
-53.736534  
-53.693658  
-53.650634  
-53.607463  
-53.564143  
-53.520677  
-53.477062  
-53.433301  
-53.389391  
-53.345335  
-53.301131  
-53.256781  
-53.212282  
-53.167637  
-53.122845  
-53.077905  
-53.032817  
-52.987582  
-52.942201  
-52.896672  
-52.850996  
-52.805174  
-52.759204  
-52.713088  
-52.666826  
-52.620416  
-52.573861  
-52.527159  
-52.480312  
-52.433318  
-52.386178  
-52.338893  
-52.291461  
-52.243885  
-52.196162  
-52.148294  
-52.100281  
-52.052122  
-52.003818  
-51.955369  
-51.906774  
-51.858034  
-51.809149  
-51.760119  
-51.710943  
-51.661622  
-51.612156  
-51.562544  
-51.512788  
-51.462886  
-51.412840  
-51.362649  
-51.312313  
-51.261833  
-51.211208  
-51.160439  
-51.109525  
-51.058468  
-51.007267  
-50.955921  
-50.904432  
-50.852799  
-50.801023  
-50.749103  
-50.697040  
-50.644833  
-50.592482  
-50.539988  
-50.487351  
-50.434569  
-50.381645  
-50.328577  
-50.275366  
-50.222011  
-50.168514  
-50.114873  
-50.061090  
-50.007164  
-49.953096  
-49.898885  
-49.844532  
-49.790037  
-49.735400  
-49.680621  
-49.625700  
-49.570638  
-49.515435  
-49.460091  
-49.404605  
-49.348978  
-49.293210  
-49.237302  
-49.181251  
-49.125060  
-49.068727  
-49.012254  
-48.955640  
-48.898886  
-48.841990  
-48.784954  
-48.727778  
-48.670461  
-48.613005  
-48.555408  
-48.497671  
-48.439794  
-48.381778  
-48.323622  
-48.265326  
-48.206891  
-48.148316  
-48.089602  
-48.030749  
-47.971757  
-47.912625  
-47.853354  
-47.793944  
-47.734394  
-47.674706  
-47.614878  
-47.554911  
-47.494806  
-47.434561  
-47.374178  
-47.313657  
-47.252997  
-47.192199  
-47.131263  
-47.070189  
-47.008977  
-46.947627  
-46.886139  
-46.824514  
-46.762752  
-46.700852  
-46.638815  
-46.576640  
-46.514329  
-46.451880  
-46.389295  
-46.326573  
-46.263714  
-46.200718  
-46.137586  
-46.074316  
-46.010910  
-45.947367  
-45.883687  
-45.819871  
-45.755918  
-45.691829  
-45.627604  
-45.563242  
-45.498744  
-45.434111  
-45.369342  
-45.304437  
-45.239396  
-45.174220  
-45.108909  
-45.043463  
-44.977881  
-44.912165  
-44.846314  
-44.780328  
-44.714207  
-44.647952  
-44.581562  
-44.515038  
-44.448378  
-44.381584  
-44.314656  
-44.247593  
-44.180396  
-44.113065  
-44.045600  
-43.978000  
-43.910268  
-43.842402  
-43.774402  
-43.706270  
-43.638006  
-43.569609  
-43.501081  
-43.432421  
-43.363630  
-43.294708  
-43.225656  
-43.156472  
-43.087159  
-43.017715  
-42.948141  
-42.878437  
-42.808603  
-42.738638  
-42.668544  
-42.598321  
-42.527967  
-42.457484  
-42.386872  
-42.316130  
-42.245260  
-42.174260  
-42.103131  
-42.031873  
-41.960487  
-41.888972  
-41.817328  
-41.745556  
-41.673656  
-41.601628  
-41.529471  
-41.457187  
-41.384775  
-41.312235  
-41.239568  
-41.166773  
-41.093851  
-41.020802  
-40.947626  
-40.874322  
-40.800892  
-40.727334  
-40.653649  
-40.579838  
-40.505900  
-40.431835  
-40.357644  
-40.283327  
-40.208883  
-40.134314  
-40.059620  
-39.984799  
-39.909854  
-39.834783  
-39.759587  
-39.684266  
-39.608821  
-39.533250  
-39.457555  
-39.381736  
-39.305792  
-39.229723  
-39.153531  
-39.077214  
-39.000773  
-38.924209  
-38.847520  
-38.770708  
-38.693773  
-38.616715  
-38.539534  
-38.462230  
-38.384803  
-38.307253  
-38.229582  
-38.151787  
-38.073871  
-37.995833  
-37.917673  
-37.839391  
-37.760988  
-37.682463  
-37.603817  
-37.525050  
-37.446162  
-37.367152  
-37.288022  
-37.208771  
-37.129400  
-37.049908  
-36.970296  
-36.890564  
-36.810711  
-36.730738  
-36.650645  
-36.570432  
-36.490098  
-36.409644  
-36.329070  
-36.248374  
-36.167558  
-36.086621  
-36.005563  
-35.924384  
-35.843083  
-35.761661  
-35.680117  
-35.598452  
-35.516665  
-35.434757  
-35.352727  
-35.270576  
-35.188303  
-35.105908  
-35.023392  
-34.940755  
-34.857996  
-34.775117  
-34.692117  
-34.608995  
-34.525754  
-34.442392  
-34.358910  
-34.275308  
-34.191587  
-34.107746  
-34.023785  
-33.939705  
-33.855506  
-33.771188  
-33.686751  
-33.602196  
-33.517522  
-33.432729  
-33.347817  
-33.262787  
-33.177639  
-33.092373  
-33.006988  
-32.921485  
-32.835864  
-32.750124  
-32.664266  
-32.578290  
-32.492195  
-32.405983  
-32.319653  
-32.233204  
-32.146637  
-32.059953  
-31.973151  
-31.886232  
-31.799195  
-31.712041  
-31.624770  
-31.537381  
-31.449876  
-31.362254  
-31.274514  
-31.186658  
-31.098686  
-31.010596  
-30.922390  
-30.834067  
-30.745627  
-30.657071  
-30.568399  
-30.479611  
-30.390706  
-30.301686  
-30.212550  
-30.123299  
-30.033931  
-29.944448  
-29.854850  
-29.765137  
-29.675309  
-29.585365  
-29.495306  
-29.405133  
-29.314845  
-29.224442  
-29.133925  
-29.043293  
-28.952546  
-28.861684  
-28.770708  
-28.679617  
-28.588412  
-28.497093  
-28.405659  
-28.314111  
-28.222449  
-28.130673  
-28.038784  
-27.946782  
-27.854668  
-27.762443  
-27.670109  
-27.577667  
-27.485118  
-27.392464  
-27.299707  
-27.206847  
-27.113885  
-27.020824  
-26.927663  
-26.834404  
-26.741048  
-26.647594  
-26.554045  
-26.460399  
-26.366657  
-26.272820  
-26.178888  
-26.084860  
-25.990738  
-25.896520  
-25.802208  
-25.707800  
-25.613297  
-25.518700  
-25.424007  
-25.329219  
-25.234337  
-25.139359  
-25.044287  
-24.949120  
-24.853858  
-24.758503  
-24.663052  
-24.567508  
-24.471870  
-24.376139  
-24.280314  
-24.184395  
-24.088384  
-23.992280  
-23.896085  
-23.799797  
-23.703418  
-23.606947  
-23.510386  
-23.413735  
-23.316994  
-23.220163  
-23.123242  
-23.026233  
-22.929135  
-22.831949  
-22.734674  
-22.637312  
-22.539863  
-22.442327  
-22.344703  
-22.246993  
-22.149197  
-22.051315  
-21.953348  
-21.855294  
-21.757156  
-21.658933  
-21.560625  
-21.462233  
-21.363757  
-21.265197  
-21.166554  
-21.067827  
-20.969018  
-20.870126  
-20.771152  
-20.672095  
-20.572957  
-20.473738  
-20.374438  
-20.275057  
-20.175596  
-20.076054  
-19.976432  
-19.876731  
-19.776950  
-19.677090  
-19.577152  
-19.477135  
-19.377040  
-19.276867  
-19.176617  
-19.076289  
-18.975885  
-18.875404  
-18.774846  
-18.674213  
-18.573504  
-18.472720  
-18.371860  
-18.270923  
-18.169907  
-18.068810  
-17.967627  
-17.866356  
-17.764992  
-17.663531  
-17.561970  
-17.460306  
-17.358534  
-17.256652  
-17.154656  
-17.052546  
-16.950318  
-16.847973  
-16.745508  
-16.642923  
-16.540219  
-16.437394  
-16.334449  
-16.231385  
-16.128203  
-16.024902  
-15.921485  
-15.817951  
-15.714301  
-15.610537  
-15.506660  
-15.402668  
-15.298565  
-15.194349  
-15.090022  
-14.985584  
-14.881034  
-14.776375  
-14.671604  
-14.566724  
-14.461733  
-14.356631  
-14.251419  
-14.146095  
-14.040660  
-13.935113  
-13.829454  
-13.723682  
-13.617796  
-13.511798  
-13.405686  
-13.299459  
-13.193118  
-13.086662  
-12.980092  
-12.873406  
-12.766605  
-12.659688  
-12.552656  
-12.445507  
-12.338242  
-12.230861  
-12.123363  
-12.015748  
-11.908016  
-11.800167  
-11.692201  
-11.584118  
-11.475919  
-11.367602  
-11.259168  
-11.150618  
-11.041950  
-10.933166  
-10.824266  
-10.715248  
-10.606113  
-10.496862  
-10.387495  
-10.278010  
-10.168408  
-10.058690  
-9.948855  
-9.838904  
-9.728836  
-9.618652  
-9.508351  
-9.397934  
-9.287400  
-9.176751  
-9.065985  
-8.955103  
-8.844104  
-8.732989  
-8.621758  
-8.510412  
-8.398949  
-8.287370  
-8.175675  
-8.063864  
-7.951938  
-7.839896  
-7.727743  
-7.615482  
-7.503123  
-7.390674  
-7.278144  
-7.165541  
-7.052876  
-6.940156  
-6.827389  
-6.714582  
-6.601743  
-6.488877  
-6.375990  
-6.263085  
-6.150168  
-6.037240  
-5.924305  
-5.811364  
-5.698419  
-5.585472  
-5.472523  
-5.359574  
-5.246625  
-5.133677  
-5.020730  
-4.907786  
-4.794844  
-4.681905  
-4.568969  
-4.456037  
-4.343109  
-4.230185  
-4.117265  
-4.004350  
-3.891440  
-3.778535  
-3.665635  
-3.552741  
-3.439853  
-3.326972  
-3.214096  
-3.101228  
-2.988368  
-2.875516  
-2.762672  
-2.649839  
-2.537015  
-2.424204  
-2.311404  
-2.198618  
-2.085847  
-1.973091  
-1.860353  
-1.747633  
-1.634934  
-1.522257  
-1.409604  
-1.296978  
-1.184380  
-1.071813  
-0.959280  
-0.846782  
-0.734323  
-0.621906  
-0.509534  
-0.397209  
-0.284934  
-0.172714  
-0.060551  
0.051550  
0.163588  
0.275557  
0.387455  
0.499278  
0.611022  
0.722684  
0.834259  
0.945746  
1.057138  
1.168434  
1.279628  
1.390719  
1.501701  
1.612572  
1.723328  
1.833965  
1.944480  
2.054868  
2.165127  
2.275253  
2.385244  
2.495095  
2.604803  
2.714364  
2.823773  
2.933026  
3.042118  
3.151046  
3.259806  
3.368393  
3.476815  
3.585097  
3.693274  
3.801387  
3.909475  
4.017575  
4.125725  
4.233959  
4.342321  
4.450863  
4.559653  
4.668765  
4.778265  
4.888177  
4.998502  
5.109233  
5.220362  
5.331879  
5.443769  
5.556020  
5.668615  
5.781539  
5.894782  
6.008332  
6.122177  
6.236305  
6.350704  
6.465361  
6.580265  
6.695404  
6.810763  
6.926333  
7.042103  
7.158062  
7.274199  
7.390504  
7.506968  
7.623581  
7.740334  
7.857221  
7.974232  
8.091362  
8.208604  
8.325950  
8.443396  
8.560935  
8.678562  
8.796272  
8.914059  
9.031919  
9.149848  
9.267840  
9.385893  
9.504002  
9.622164  
9.740376  
9.858636  
9.976940  
10.095285  
10.213670  
10.332092  
10.450548  
10.569035  
10.687551  
10.806092  
10.924655  
11.043236  
11.161833  
11.280441  
11.399055  
11.517673  
11.636291  
11.754905  
11.873510  
11.992104  
12.110684  
12.229247  
12.347790  
12.466311  
12.584807  
12.703275  
12.821713  
12.940118  
13.058488  
13.176820  
13.295111  
13.413359  
13.531560  
13.649712  
13.767813  
13.885859  
14.003850  
14.121781  
14.239652  
14.357459  
14.475200  
14.592873  
14.710477  
14.828010  
14.945469  
15.062852  
15.180159  
15.297388  
15.414536  
15.531602  
15.648583  
15.765479  
15.882288  
15.999011  
16.115645  
16.232191  
16.348649  
16.465020  
16.581305  
16.697504  
16.813618  
16.929648  
17.045593  
17.161454  
17.277230  
17.392922  
17.508529  
17.624051  
17.739488  
17.854840  
17.970109  
18.085296  
18.200404  
18.315436  
18.430398  
18.545294  
18.660130  
18.774915  
18.889657  
19.004366  
19.119052  
19.233726  
19.348401  
19.463087  
19.577799  
19.692549  
19.807351  
19.922220  
20.037173  
20.152228  
20.267395  
20.382681  
20.498088  
20.613618  
20.729273  
20.845049  
20.960942  
21.076948  
21.193063  
21.309283  
21.425603  
21.542019  
21.658526  
