0.000000  
0.000002  
0.000009  
0.000017  
0.000021  
0.000018  
0.000005  
-0.000021  
-0.000061  
-0.000117  
-0.000187  
-0.000274  
-0.000375  
-0.000491  
-0.000620  
-0.000761  
-0.000912  
-0.001070  
-0.001235  
-0.001404  
-0.001574  
-0.001745  
-0.001914  
-0.002078  
-0.002237  
-0.002388  
-0.002530  
-0.002662  
-0.002782  
-0.002889  
-0.002984  
-0.003065  
-0.003132  
-0.003185  
-0.003225  
-0.003251  
-0.003265  
-0.003266  
-0.003257  
-0.003237  
-0.003207  
-0.003170  
-0.003125  
-0.003075  
-0.003019  
-0.002960  
-0.002898  
-0.002835  
-0.002771  
-0.002707  
-0.002643  
-0.002582  
-0.002522  
-0.002464  
-0.002410  
-0.002358  
-0.002310  
-0.002266  
-0.002225  
-0.002188  
-0.002154  
-0.002124  
-0.002097  
-0.002074  
-0.002053  
-0.002035  
-0.002020  
-0.002006  
-0.001994  
-0.001984  
-0.001975  
-0.001967  
-0.001960  
-0.001953  
-0.001946  
-0.001938  
-0.001931  
-0.001923  
-0.001914  
-0.001904  
-0.001893  
-0.001881  
-0.001868  
-0.001853  
-0.001837  
-0.001820  
-0.001801  
-0.001780  
-0.001758  
-0.001734  
-0.001708  
-0.001682  
-0.001653  
-0.001624  
-0.001593  
-0.001561  
-0.001528  
-0.001494  
-0.001460  
-0.001424  
-0.001388  
-0.001351  
-0.001314  
-0.001277  
-0.001239  
-0.001201  
-0.001163  
-0.001124  
-0.001086  
-0.001048  
-0.001010  
-0.000972  
-0.000934  
-0.000896  
-0.000858  
-0.000820  
-0.000783  
-0.000745  
-0.000708  
-0.000671  
-0.000634  
-0.000597  
-0.000560  
-0.000523  
-0.000487  
-0.000450  
-0.000413  
-0.000377  
-0.000340  
-0.000303  
-0.000266  
-0.000228  
-0.000191  
-0.000153  
-0.000115  
-0.000077  
-0.000038  
0.000001  
0.000041  
0.000081  
0.000121  
0.000162  
0.000203  
0.000245  
0.000287  
0.000330  
0.000373  
0.000417  
0.000462  
0.000507  
0.000552  
0.000598  
0.000645  
0.000692  
0.000739  
0.000787  
0.000836  
0.000885  
0.000934  
0.000984  
0.001034  
0.001085  
0.001136  
0.001187  
0.001239  
0.001291  
0.001344  
0.001397  
0.001451  
0.001505  
0.001559  
0.001613  
0.001669  
0.001724  
0.001780  
0.001837  
0.001894  
0.001951  
0.002009  
0.002067  
0.002126  
0.002185  
0.002245  
0.002305  
0.002365  
0.002427  
0.002488  
0.002551  
0.002614  
0.002677  
0.002741  
0.002806  
0.002871  
0.002938  
0.003005  
0.003072  
0.003141  
0.003210  
0.003281  
0.003352  
0.003424  
0.003497  
0.003571  
0.003645  
0.003721  
0.003798  
0.003876  
0.003955  
0.004035  
0.004117  
0.004199  
0.004283  
0.004368  
0.004454  
0.004541  
0.004630  
0.004720  
0.004811  
0.004904  
0.004998  
0.005094  
0.005191  
0.005289  
0.005389  
0.005491  
0.005594  
0.005699  
0.005805  
0.005914  
0.006024  
0.006136  
0.006250  
0.006365  
0.006483  
0.006602  
0.006724  
0.006847  
0.006973  
0.007101  
0.007232  
0.007364  
0.007500  
0.007637  
0.007778  
0.007921  
0.008067  
0.008216  
0.008369  
0.008524  
0.008684  
0.008847  
0.009013  
0.009184  
0.009358  
0.009537  
0.009720  
0.009908  
0.010100  
0.010297  
0.010499  
0.010707  
0.010919  
0.011138  
0.011363  
0.011593  
0.011831  
0.012075  
0.012326  
0.012585  
0.012850  
0.013125  
0.013407  
0.013699  
0.013999  
0.014310  
0.014630  
0.014962  
0.015305  
0.015661  
0.016029  
0.016411  
0.016807  
0.017219  
0.017646  
0.018090  
0.018551  
0.019029  
0.019524  
0.020039  
0.020572  
0.021125  
0.021698  
0.022292  
0.022907  
0.023545  
0.024207  
0.024893  
0.025605  
0.026344  
0.027110  
0.027905  
0.028730  
0.029586  
0.030476  
0.031401  
0.032362  
0.033363  
0.034405  
0.035492  
0.036626  
0.037810  
0.039048  
0.040341  
0.041692  
0.043106  
0.044585  
0.046135  
0.047761  
0.049467  
0.051260  
0.053146  
0.055133  
0.057227  
0.059437  
0.061769  
0.064232  
0.066832  
0.069578  
0.072478  
0.075542  
0.078781  
0.082204  
0.085825  
0.089652  
0.093695  
0.097965  
0.102473  
0.107231  
0.112240  
0.117499  
0.123006  
0.128760  
0.134758  
0.140983  
0.147416  
0.154041  
0.160823  
0.167722  
0.174698  
0.181704  
0.188701  
0.195654  
0.202531  
0.209319  
0.216013  
0.222624  
0.229175  
0.235713  
0.242291  
0.248960  
0.255763  
0.262707  
0.269734  
0.276747  
0.283628  
0.290251  
0.296520  
0.302346  
0.307570  
0.311860  
0.314897  
0.316695  
0.317376  
0.317031  
0.315717  
0.313471  
0.310315  
0.306294  
0.301461  
0.295881  
0.289625  
0.282755  
0.275347  
0.267484  
0.259251  
0.250748  
0.242068  
0.233303  
0.224527  
0.215808  
0.207214  
0.198799  
0.190610  
0.182691  
0.175075  
0.167796  
0.160887  
0.154383  
0.148315  
0.142716  
0.137617  
0.133034  
0.128972  
0.125421  
0.122355  
0.119751  
0.117574  
0.115788  
0.114362  
0.113259  
0.112453  
0.111913  
0.111614  
0.111528  
0.111633  
0.111905  
0.112324  
0.112868  
0.113523  
0.114271  
0.115094  
0.115979  
0.116915  
0.117892  
0.118901  
0.119935  
0.120988  
0.122052  
0.123125  
0.124204  
0.125286  
0.126371  
0.127461  
0.128556  
0.129657  
0.130764  
0.131881  
0.133011  
0.134149  
0.135304  
0.136472  
0.137660  
0.138865  
0.140092  
0.141339  
0.142613  
0.143912  
0.145239  
0.146597  
0.147988  
0.149412  
0.150874  
0.152372  
0.153910  
0.155492  
0.157114  
0.158783  
0.160500  
0.162267  
0.164087  
0.165961  
0.167894  
0.169885  
0.171935  
0.174049  
0.176225  
0.178462  
0.180761  
0.183127  
0.185559  
0.188057  
0.190613  
0.193220  
0.195864  
0.198538  
0.201228  
0.203926  
0.206622  
0.209304  
0.211967  
0.214603  
0.217202  
0.219756  
0.222267  
0.224724  
0.227126  
0.229468  
0.231752  
0.233975  
0.236139  
0.238239  
0.240282  
0.242262  
0.244188  
0.246056  
0.247871  
0.249635  
0.251352  
0.253026  
0.254657  
0.256252  
0.257810  
0.259331  
0.260823  
0.262286  
0.263720  
0.265131  
0.266515  
0.267872  
0.269205  
0.270513  
0.271797  
0.273054  
0.274285  
0.275492  
0.276669  
0.277818  
0.278939  
0.280026  
0.281082  
0.282109  
0.283099  
0.284055  
0.284973  
0.285852  
0.286694  
0.287496  
0.288256  
0.288974  
0.289652  
0.290285  
0.290878  
0.291426  
0.291932  
0.292393  
0.292809  
0.293183  
0.293513  
0.293801  
0.294042  
0.294243  
0.294400  
0.294514  
0.294587  
0.294618  
0.294605  
0.294550  
0.294453  
0.294317  
0.294143  
0.293926  
0.293674  
0.293380  
0.293046  
0.292678  
0.292271  
0.291824  
0.291343  
0.290823  
0.290266  
0.289673  
0.289046  
0.288380  
0.287681  
0.286945  
0.286171  
0.285362  
0.284514  
0.283630  
0.282711  
0.281760  
0.280786  
0.279798  
0.278795  
0.277786  
0.276781  
0.275788  
0.274809  
0.273852  
0.272923  
0.272026  
0.271166  
0.270342  
0.269560  
0.268821  
0.268128  
0.267480  
0.266872  
0.266308  
0.265787  
0.265302  
0.264854  
0.264438  
0.264058  
0.263704  
0.263372  
0.263070  
0.262783  
0.262519  
0.262270  
0.262033  
0.261817  
0.261609  
0.261412  
0.261232  
0.261058  
0.260894  
0.260743  
0.260599  
0.260465  
0.260339  
0.260225  
0.260120  
0.260029  
0.259946  
0.259873  
0.259812  
0.259760  
0.259720  
0.259692  
0.259674  
0.259669  
0.259677  
0.259693  
0.259718  
0.259752  
0.259800  
0.259854  
0.259928  
0.259998  
0.260084  
0.260177  
0.260281  
0.260393  
0.260507  
0.260639  
0.260773  
0.260906  
0.261057  
0.261207  
0.261366  
0.261529  
0.261705  
0.261887  
0.262067  
0.262265  
0.262470  
0.262675  
0.262890  
0.263111  
0.263338  
0.263577  
0.263823  
0.264074  
0.264337  
0.264599  
0.264878  
0.265158  
0.265449  
0.265751  
0.266052  
0.266377  
0.266694  
0.267020  
0.267360  
0.267696  
0.268056  
0.268416  
0.268776  
0.269156  
0.269528  
0.269908  
0.270279  
0.270662  
0.271033  
0.271397  
0.271747  
0.272100  
0.272434  
0.272762  
0.273076  
0.273376  
0.273660  
0.273929  
0.274188  
0.274433  
0.274668  
0.274887  
0.275100  
0.275290  
0.275481  
0.275656  
0.275822  
0.275980  
0.276136  
0.276279  
0.276417  
0.276547  
0.276678  
0.276801  
0.276916  
0.277028  
0.277136  
0.277252  
0.277357  
0.277453  
0.277546  
0.277645  
0.277736  
0.277821  
0.277910  
0.277990  
0.278071  
0.278145  
0.278213  
0.278274  
0.278345  
0.278396  
0.278455  
0.278509  
0.278550  
0.278591  
0.278631  
0.278663  
0.278692  
0.278724  
0.278740  
0.278762  
0.278779  
0.278796  
0.278798  
0.278801  
0.278802  
0.278805  
0.278799  
0.278786  
0.278774  
0.278760  
0.278746  
0.278729  
0.278705  
0.278688  
0.278656  
0.278626  
0.278591  
0.278561  
0.278527  
0.278485  
0.278442  
0.278409  
0.278364  
0.278312  
0.278264  
0.278206  
0.278152  
0.278103  
0.278041  
0.277975  
0.277911  
0.277843  
0.277769  
0.277697  
0.277627  
0.277544  
0.277457  
0.277376  
0.277283  
0.277196  
0.277100  
0.277000  
0.276900  
0.276802  
0.276700  
0.276597  
0.276494  
0.276396  
0.276271  
0.276198  
0.276098  
0.276014  
0.275927  
0.275828  
0.275794  
0.275703  
0.275601  
0.275557  
0.275510  
0.275460  
0.275388  
0.275338  
0.275284  
0.275226  
0.275226  
0.275161  
0.275159  
0.275090  
0.275079  
0.275024  
0.275010  
0.274990  
0.274973  
0.274944  
0.274910  
0.274876  
0.274845  
0.274871  
0.274829  
0.274810  
0.274827  
0.274783  
0.274790  
0.274736  
0.274736  
0.274750  
0.274760  
0.274701  
0.274701  
0.274704  
0.274728  
0.274672  
0.274668  
0.274666  
0.274668  
0.274721  
0.274720  
0.274722  
0.274720  
0.274672  
0.274676  
0.274742  
0.274746  
0.274747  
0.274742  
0.274751  
0.274764  
0.274773  
0.274787  
0.274827  
0.274849  
0.274867  
0.274890  
0.274918  
0.274937  
0.274972  
0.275012  
0.274981  
0.275022  
0.275087  
0.275069  
0.275122  
0.275180  
0.275174  
0.275228  
0.275231  
0.275299  
0.275311  
0.275321  
0.275371  
0.275398  
0.275490  
0.275527  
0.275555  
0.275603  
0.275596  
0.275655  
0.275720  
0.275723  
0.275767  
0.275850  
0.275876  
0.275907  
0.276005  
0.276053  
0.276105  
0.276084  
0.276144  
0.276173  
0.276247  
0.276324  
0.276334  
0.276354  
0.276371  
0.276473  
0.276508  
0.276476  
0.276516  
0.276531  
0.276583  
0.276645  
0.276639  
0.276643  
0.276650  
0.276666  
0.276685  
0.276714  
0.276718  
0.276761  
0.276736  
0.276794  
0.276783  
0.276797  
0.276808  
0.276823  
0.276849  
0.276813  
0.276831  
0.276810  
0.276872  
0.276865  
0.276869  
0.276832  
0.276857  
0.276885  
0.276851  
0.276885  
0.276873  
0.276871  
0.276881  
0.276894  
0.276872  
0.276908  
0.276888  
0.276871  
0.276866  
0.276854  
0.276878  
0.276905  
0.276868  
0.276862  
0.276855  
0.276851  
0.276859  
0.276878  
0.276908  
0.276877  
0.276855  
0.276849  
0.276853  
0.276861  
0.276853  
0.276896  
0.276868  
0.276850  
0.276851  
0.276869  
0.276814  
0.276853  
0.276821  
0.276777  
0.276781  
0.276795  
0.276820  
0.276781  
0.276775  
0.276765  
0.276772  
0.276791  
0.276720  
0.276775  
0.276758  
0.276759  
0.276694  
0.276718  
0.276712  
0.276694  
0.276693  
0.276697  
0.276715  
0.276678  
0.276658  
0.276649  
0.276651  
0.276635  
0.276674  
0.276653  
0.276649  
0.276656  
0.276606  
0.276650  
0.276626  
0.276620  
0.276594  
0.276631  
0.276601  
0.276582  
0.276581  
0.276613  
0.276571  
0.276552  
0.276538  
0.276548  
0.276553  
0.276528  
0.276507  
0.276510  
0.276525  
0.276514  
0.276492  
0.276488  
0.276501  
0.276526  
0.276498  
0.276487  
0.276498  
0.276521  
0.276444  
0.276431  
0.276442  
0.276465  
0.276425  
0.276419  
0.276425  
0.276455  
0.276416  
0.276401  
0.276399  
0.276412  
0.276460  
0.276444  
0.276392  
0.276421  
0.276393  
0.276384  
0.276393  
0.276427  
0.276394  
0.276392  
0.276413  
0.276366  
0.276390  
0.276394  
0.276423  
0.276387  
0.276371  
0.276379  
0.276435  
0.276406  
0.276407  
0.276420  
0.276362  
0.276433  
0.276440  
0.276388  
0.276438  
0.276383  
0.276409  
0.276370  
0.276433  
0.276444  
0.276399  
0.276456  
0.276461  
0.276402  
0.276416  
0.276415  
0.276434  
0.276479  
0.276465  
0.276471  
0.276454  
0.276434  
0.276440  
0.276470  
0.276519  
0.276525  
0.276466  
0.276522  
0.276514  
0.276501  
0.276552  
0.276544  
0.276566  
0.276535  
0.276611  
0.276548  
0.276589  
0.276576  
0.276588  
0.276611  
0.276600  
0.276608  
0.276641  
0.276618  
0.276662  
0.276696  
0.276668  
0.276670  
0.276701  
0.276680  
0.276678  
0.276706  
0.276672  
0.276645  
0.276676  
0.276646  
0.276645  
0.276670  
0.276672  
0.276676  
0.276622  
0.276681  
0.276679  
0.276629  
0.276609  
0.276615  
0.276651  
0.276596  
0.276611  
0.276656  
0.276640  
0.276655  
0.276613  
0.276634  
0.276570  
0.276624  
0.276621  
0.276641  
0.276620  
0.276625  
0.276573  
0.276634  
0.276555  
0.276573  
0.276559  
0.276576  
0.276534  
0.276555  
0.276585  
0.276558  
0.276561  
0.276595  
0.276578  
0.276506  
0.276555  
0.276546  
0.276534  
0.276513  
0.276523  
0.276561  
0.276546  
0.276498  
0.276561  
0.276561  
0.276508  
0.276486  
0.276496  
0.276552  
0.276550  
0.276580  
0.276551  
0.276528  
0.276581  
0.276576  
0.276511  
0.276569  
0.276516  
0.276560  
0.276551  
0.276573  
0.276534  
0.276548  
0.276594  
0.276582  
0.276610  
0.276544  
0.276557  
0.276606  
0.276601  
0.276555  
0.276634  
0.276650  
0.276616  
0.276614  
0.276648  
0.276630  
0.276651  
0.276617  
0.276622  
0.276621  
0.276704  
0.276640  
0.276703  
0.276707  
0.276654  
0.276683  
0.276712  
0.276688  
0.276696  
0.276651  
0.276649  
0.276686  
0.276668  
0.276682  
0.276621  
0.276630  
0.276674  
0.276663  
0.276629  
0.276613  
0.276634  
0.276600  
0.276607  
0.276646  
0.276651  
0.276593  
0.276668  
0.276594  
0.276629  
0.276642  
0.276600  
0.276598  
0.276633  
0.276564  
0.276594  
0.276571  
0.276585  
0.276637  
0.276561  
0.276611  
0.276604  
0.276545  
0.276619  
0.276544  
0.276605  
0.276617  
0.276579  
0.276528  
0.276578  
0.276576  
0.276517  
0.276594  
0.276524  
0.276526  
0.276545  
0.276515  
0.276522  
0.276564  
0.276574  
0.276528  
0.276523  
0.276560  
0.276510  
0.276546  
0.276533  
0.276558  
0.276530  
0.276580  
0.276551  
0.276567  
0.276526  
0.276529  
0.276585  
0.276587  
0.276540  
0.276531  
0.276538  
0.276531  
0.276569  
0.276554  
0.276582  
0.276556  
0.276534  
0.276606  
0.276624  
0.276591  
0.276616  
0.276587  
0.276602  
0.276656  
0.276659  
0.276605  
0.276611  
0.276661  
0.276661  
0.276604  
0.276658  
0.276606  
0.276693  
0.276631  
0.276637  
0.276678  
0.276665  
0.276693  
0.276670  
0.276692  
0.276674  
0.276700  
0.276670  
0.276685  
0.276648  
0.276643  
0.276705  
0.276715  
0.276674  
0.276625  
0.276684  
0.276691  
0.276646  
0.276647  
0.276617  
0.276622  
0.276675  
0.276577  
0.276621  
0.276613  
0.276569  
0.276569  
0.276617  
0.276571  
0.276624  
0.276627  
0.276578  
0.276577  
0.276554  
0.276561  
0.276613  
0.276614  
0.276563  
0.276568  
0.276624  
0.276532  
0.276581  
0.276582  
0.276530  
0.276617  
0.276572  
0.276576  
0.276525  
0.276577  
0.276535  
0.276541  
0.276592  
0.276515  
0.276577  
0.276489  
0.276548  
0.276557  
0.276511  
0.276530  
0.276502  
0.276519  
0.276488  
0.276505  
0.276552  
0.276579  
0.276556  
0.276579  
0.276498  
0.276534  
0.276519  
0.276550  
0.276534  
0.276583  
0.276580  
0.276524  
0.276517  
0.276558  
0.276545  
0.276500  
0.276504  
0.276557  
0.276518  
0.276584  
0.276601  
0.276568  
0.276584  
0.276553  
0.276616  
0.276597  
0.276627  
0.276606  
0.276644  
0.276636  
0.276579  
0.276570  
0.276611  
0.276588  
0.276641  
0.276644  
0.276597  
0.276599  
0.276614  
0.276629  
0.276593  
0.276607  
0.276596  
0.276622  
0.276601  
0.276628  
0.276606  
0.276634  
0.276625  
0.276667  
0.276659  
0.276602  
0.276593  
0.276627  
0.276633  
0.276587  
0.276593  
0.276601  
0.276620  
0.276588  
0.276607  
0.276577  
0.276627  
0.276611  
0.276546  
0.276630  
0.276568  
0.276560  
0.276611  
0.276612  
0.276566  
0.276537  
0.276506  
0.276525  
0.276595  
0.276517  
0.276536  
0.276574  
0.276563  
0.276504  
0.276496  
0.276560  
0.276569  
0.276529  
0.276539  
0.276501  
0.276512  
0.276490  
0.276518  
0.276499  
0.276491  
0.276487  
0.276535  
0.276534  
0.276486  
0.276489  
0.276496  
0.276515  
0.276486  
0.276507  
0.276496  
0.276534  
0.276525  
0.276566  
0.276560  
0.276498  
0.276509  
0.276572  
0.276487  
0.276552  
0.276540  
0.276525  
0.276561  
0.276549  
0.276520  
0.276527  
0.276585  
0.276596  
0.276559  
0.276575  
0.276566  
0.276599  
0.276585  
0.276622  
0.276597  
0.276553  
0.276561  
0.276620  
0.276631  
0.276594  
0.276587  
0.276667  
0.276598  
0.276580  
0.276655  
0.276655  
0.276606  
0.276608  
0.276661  
0.276685  
0.276656  
0.276678  
0.276652  
0.276658  
0.276650  
0.276593  
0.276588  
0.276635  
0.276593  
0.276658  
0.276576  
0.276645  
0.276667  
0.276576  
0.276615  
0.276606  
0.276649  
0.276644  
0.276603  
0.276615  
0.276579  
0.276595  
0.276562  
0.276571  
0.276555  
0.276591  
0.276579  
0.276571  
0.276577  
0.276535  
0.276545  
0.276608  
0.276552  
0.276532  
0.276565  
0.276550  
0.276587  
0.276584  
0.276538  
0.276545  
0.276604  
0.276515  
0.276563  
0.276592  
0.276573  
0.276505  
0.276537  
0.276588  
0.276589  
0.276545  
0.276553  
0.276511  
0.276561  
0.276540  
0.276567  
0.276547  
0.276581  
0.276579  
0.276532  
0.276532  
0.276584  
0.276489  
0.276538  
0.276560  
0.276535  
0.276561  
0.276495  
0.276541  
0.276534  
0.276485  
0.276484  
0.276474  
0.276493  
0.276570  
0.276494  
0.276572  
0.276513  
0.276511  
0.276561  
0.276558  
0.276513  
0.276504  
0.276579  
0.276601  
0.276582  
0.276560  
0.276554  
0.276594  
0.276593  
0.276545  
0.276570  
0.276642  
0.276558  
0.276626  
0.276655  
0.276626  
0.276665  
0.276656  
0.276591  
0.276586  
0.276609  
0.276614  
0.276670  
0.276678  
0.276639  
0.276605  
0.276684  
0.276606  
0.276579  
0.276605  
0.276623  
0.276658  
0.276655  
0.276594  
0.276589  
0.276548  
0.276559  
0.276624  
0.276531  
0.276572  
0.276610  
0.276591  
0.276624  
0.276544  
0.276587  
0.276583  
0.276545  
0.276548  
0.276515  
0.276527  
0.276604  
0.276524  
0.276595  
0.276521  
0.276588  
0.276534  
0.276518  
0.276555  
0.276512  
0.276555  
0.276566  
0.276516  
0.276520  
0.276520  
0.276530  
0.276494  
0.276525  
0.276482  
0.276528  
0.276506  
0.276536  
0.276521  
0.276559  
0.276537  
0.276483  
0.276482  
0.276534  
0.276490  
0.276549  
0.276464  
0.276532  
0.276554  
0.276516  
0.276473  
0.276556  
0.276495  
0.276470  
0.276504  
0.276502  
0.276537  
0.276528  
0.276474  
0.276555  
0.276507  
0.276513  
0.276573  
0.276473  
0.276504  
0.276526  
0.276485  
0.276517  
0.276510  
0.276529  
0.276523  
0.276553  
0.276539  
0.276564  
0.276556  
0.276601  
0.276603  
0.276640  
0.276615  
0.276577  
0.276573  
0.276622  
0.276627  
0.276628  
0.276636  
0.276600  
0.276596  
0.276667  
0.276692  
0.276646  
0.276654  
0.276618  
0.276620  
0.276684  
0.276607  
0.276660  
0.276692  
0.276600  
0.276635  
0.276605  
0.276629  
0.276588  
0.276602  
0.276628  
0.276643  
0.276616  
0.276619  
0.276601  
0.276630  
0.276616  
0.276634  
0.276609  
0.276616  
0.276594  
0.276602  
0.276568  
0.276557  
0.276526  
0.276551  
0.276534  
0.276548  
0.276521  
0.276583  
0.276558  
0.276589  
0.276552  
0.276571  
0.276536  
0.276583  
0.276537  
0.276572  
0.276495  
0.276533  
0.276504  
0.276530  
0.276489  
0.276535  
0.276524  
0.276541  
0.276490  
0.276495  
0.276473  
0.276508  
0.276447  
0.276470  
0.276501  
0.276527  
0.276485  
0.276472  
0.276515  
0.276479  
0.276554  
0.276532  
0.276500  
0.276496  
0.276557  
0.276556  
0.276515  
0.276502  
0.276515  
0.276510  
0.276556  
0.276533  
0.276567  
0.276533  
0.276527  
0.276525  
0.276549  
0.276600  
0.276552  
0.276542  
0.276527  
0.276600  
0.276605  
0.276540  
0.276565  
0.276629  
0.276623  
0.276642  
0.276623  
0.276643  
0.276626  
0.276666  
0.276635  
0.276612  
0.276678  
0.276673  
0.276630  
0.276646  
0.276618  
0.276601  
0.276641  
0.276611  
0.276638  
0.276605  
0.276633  
0.276591  
0.276607  
0.276625  
0.276643  
0.276590  
0.276561  
0.276590  
0.276605  
0.276637  
0.276598  
0.276617  
0.276602  
0.276579  
0.276531  
0.276540  
0.276573  
0.276570  
0.276544  
0.276544  
0.276566  
0.276610  
0.276543  
0.276589  
0.276602  
0.276544  
0.276508  
0.276531  
0.276535  
0.276524  
0.276572  
0.276587  
0.276515  
0.276587  
0.276534  
0.276595  
0.276491  
0.276509  
0.276501  
0.276552  
0.276532  
0.276572  
0.276548  
0.276552  
0.276523  
0.276514  
0.276566  
0.276540  
0.276555  
0.276538  
0.276542  
0.276474  
0.276537  
0.276565  
0.276520  
0.276537  
0.276523  
0.276544  
0.276493  
0.276463  
0.276495  
0.276533  
0.276479  
0.276536  
0.276522  
0.276527  
0.276477  
0.276488  
0.276561  
0.276562  
0.276528  
0.276493  
0.276519  
0.276565  
0.276583  
0.276531  
0.276625  
0.276534  
0.276594  
0.276583  
0.276601  
0.276594  
0.276605  
0.276588  
0.276576  
0.276608  
0.276616  
0.276639  
0.276681  
0.276694  
0.276624  
0.276686  
0.276675  
0.276638  
0.276617  
0.276679  
0.276663  
0.276663  
0.276680  
0.276626  
0.276687  
0.276637  
0.276604  
0.276633  
0.276573  
0.276562  
0.276614  
0.276595  
0.276594  
0.276579  
0.276585  
0.276607  
0.276557  
0.276613  
0.276604  
0.276578  
0.276569  
0.276576  
0.276559  
0.276548  
0.276625  
0.276583  
0.276604  
0.276554  
0.276587  
0.276544  
0.276603  
0.276591  
0.276508  
0.276584  
0.276507  
0.276533  
0.276487  
0.276506  
0.276539  
0.276516  
0.276509  
0.276517  
0.276478  
0.276445  
0.276527  
0.276489  
0.276517  
0.276475  
0.276462  
0.276464  
0.276482  
0.276480  
0.276485  
0.276442  
0.276500  
0.276453  
0.276455  
0.276507  
0.276519  
0.276460  
0.276468  
0.276438  
0.276484  
0.276464  
0.276511  
0.276435  
0.276498  
0.276466  
0.276501  
0.276518  
0.276498  
0.276471  
0.276547  
0.276500  
0.276490  
0.276525  
0.276494  
0.276542  
0.276519  
0.276541  
0.276517  
0.276481  
0.276583  
0.276561  
0.276523  
0.276588  
0.276591  
0.276525  
0.276610  
0.276571  
0.276599  
0.276600  
0.276586  
0.276586  
0.276598  
0.276616  
0.276641  
0.276623  
0.276590  
0.276652  
0.276577  
0.276596  
0.276628  
0.276645  
0.276619  
0.276615  
0.276602  
0.276601  
0.276612  
0.276554  
0.276596  
0.276577  
0.276569  
0.276550  
0.276579  
0.276518  
0.276551  
0.276515  
0.276574  
0.276482  
0.276506  
0.276535  
0.276553  
0.276536  
0.276512  
0.276501  
0.276502  
0.276516  
0.276493  
0.276466  
0.276511  
0.276509  
0.276520  
0.276522  
0.276518  
0.276478  
0.276530  
0.276453  
0.276552  
0.276493  
0.276526  
0.276490  
0.276546  
0.276496  
0.276510  
0.276517  
0.276475  
0.276444  
0.276525  
0.276454  
0.276534  
0.276485  
0.276470  
0.276521  
0.276506  
0.276502  
0.276448  
0.276469  
0.276475  
0.276455  
0.276524  
0.276448  
0.276462  
0.276539  
0.276512  
0.276496  
0.276492  
0.276473  
0.276568  
0.276535  
0.276513  
0.276566  
0.276480  
0.276571  
0.276533  
0.276506  
0.276555  
0.276542  
0.276488  
0.276509  
0.276478  
0.276511  
0.276582  
0.276524  
0.276618  
0.276583  
0.276547  
0.276613  
0.276549  
0.276637  
0.276595  
0.276629  
0.276622  
0.276615  
0.276629  
0.276643  
0.276604  
0.276588  
0.276581  
0.276650  
0.276664  
0.276618  
0.276666  
0.276649  
0.276642  
0.276571  
0.276668  
0.276631  
0.276605  
0.276664  
0.276596  
0.276616  
0.276572  
0.276613  
0.276591  
0.276528  
0.276542  
0.276567  
0.276535  
0.276518  
0.276499  
0.276533  
0.276554  
0.276517  
0.276491  
0.276572  
0.276581  
0.276527  
0.276557  
0.276524  
0.276538  
0.276540  
0.276553  
0.276575  
0.276493  
0.276551  
0.276547  
0.276557  
0.276506  
0.276496  
0.276481  
0.276476  
0.276551  
0.276451  
0.276493  
0.276475  
0.276539  
0.276473  
0.276488  
0.276560  
0.276540  
0.276531  
0.276461  
0.276511  
0.276477  
0.276524  
0.276511  
0.276580  
0.276518  
0.276525  
0.276498  
0.276481  
0.276545  
0.276528  
0.276557  
0.276526  
0.276576  
0.276496  
0.276554  
0.276510  
0.276545  
0.276523  
0.276511  
0.276511  
0.276600  
0.276563  
0.276608  
0.276592  
0.276586  
0.276538  
0.276568  
0.276609  
0.276583  
0.276593  
0.276608  
0.276567  
0.276604  
0.276584  
0.276590  
0.276675  
0.276629  
0.276594  
0.276645  
0.276646  
0.276656  
0.276678  
0.276634  
0.276688  
0.276680  
0.276681  
0.276693  
0.276649  
0.276605  
0.276676  
0.276601  
0.276601  
0.276612  
0.276657  
0.276562  
0.276617  
0.276607  
0.276608  
0.276582  
0.276554  
0.276602  
0.276585  
0.276538  
0.276558  
0.276589  
0.276490  
0.276544  
0.276494  
0.276509  
0.276535  
0.276509  
0.276505  
0.276503  
0.276590  
0.276470  
0.276504  
0.276548  
0.276502  
0.276506  
0.276521  
0.276546  
0.276543  
0.276528  
0.276523  
0.276530  
0.276548  
0.276474  
0.276591  
0.276579  
0.276578  
0.276510  
0.276507  
0.276538  
0.276519  
0.276511  
0.276497  
0.276486  
0.276510  
0.276484  
0.276531  
0.276529  
0.276509  
0.276527  
0.276477  
0.276518  
0.276491  
0.276543  
0.276555  
0.276499  
0.276455  
0.276472  
0.276486  
0.276517  
0.276493  
0.276482  
0.276489  
0.276505  
0.276557  
0.276547  
0.276501  
0.276537  
0.276517  
0.276510  
0.276522  
0.276559  
0.276535  
0.276537  
0.276557  
0.276596  
0.276572  
0.276622  
0.276567  
0.276611  
0.276597  
0.276596  
0.276640  
0.276607  
0.276596  
0.276604  
0.276609  
0.276585  
0.276579  
0.276596  
0.276627  
0.276639  
0.276644  
0.276585  
0.276632  
0.276615  
0.276624  
0.276581  
0.276640  
0.276634  
0.276569  
0.276585  
0.276571  
0.276581  
0.276616  
0.276586  
0.276609  
0.276552  
0.276598  
0.276584  
0.276585  
0.276540  
0.276524  
0.276528  
0.276557  
0.276573  
0.276571  
0.276514  
0.276561  
0.276554  
0.276500  
0.276546  
0.276532  
0.276543  
0.276469  
0.276544  
0.276469  
0.276504  
0.276479  
0.276484  
0.276464  
0.276528  
0.276531  
0.276469  
0.276524  
0.276525  
0.276471  
0.276522  
0.276518  
0.276453  
0.276482  
0.276475  
0.276499  
0.276461  
0.276484  
0.276506  
0.276472  
0.276468  
0.276485  
0.276452  
0.276448  
0.276474  
0.276445  
0.276441  
0.276435  
0.276498  
0.276504  
0.276444  
0.276439  
0.276451  
0.276493  
0.276475  
0.276488  
0.276440  
0.276515  
0.276450  
0.276499  
0.276491  
0.276479  
0.276538  
0.276545  
0.276490  
0.276554  
0.276493  
0.276541  
0.276526  
0.276543  
0.276575  
0.276576  
0.276519  
0.276581  
0.276582  
0.276572  
0.276560  
0.276578  
0.276623  
0.276614  
0.276561  
0.276623  
0.276627  
0.276572  
0.276637  
0.276631  
0.276593  
0.276581  
0.276604  
0.276605  
0.276611  
0.276651  
0.276629  
0.276642  
0.276597  
0.276609  
0.276640  
0.276612  
0.276615  
0.276563  
0.276628  
0.276562  
0.276617  
0.276613  
0.276554  
0.276587  
0.276605  
0.276567  
0.276562  
0.276517  
0.276498  
0.276515  
0.276568  
0.276559  
0.276494  
0.276477  
0.276495  
0.276460  
0.276457  
0.276454  
0.276442  
0.276467  
0.276524  
0.276440  
0.276507  
0.276501  
0.276435  
0.276501  
0.276499  
0.276465  
0.276464  
0.276499  
0.276483  
0.276460  
0.276432  
0.276444  
0.276489  
0.276478  
0.276443  
0.276428  
0.276446  
0.276504  
0.276507  
0.276454  
0.276448  
0.276483  
0.276458  
0.276436  
0.276499  
0.276507  
0.276463  
0.276457  
0.276487  
0.276506  
0.276532  
0.276502  
0.276512  
0.276465  
0.276472  
0.276515  
0.276503  
0.276531  
0.276484  
0.276509  
0.276571  
0.276582  
0.276536  
0.276574  
0.276528  
0.276522  
0.276550  
0.276529  
0.276561  
0.276538  
0.276548  
0.276603  
0.276578  
0.276627  
0.276623  
0.276563  
0.276640  
0.276567  
0.276593  
0.276611  
0.276572  
0.276576  
0.276642  
0.276641  
0.276589  
0.276578  
0.276605  
0.276575  
0.276603  
0.276578  
0.276590  
0.276552  
0.276620  
0.276580  
0.276584  
0.276532  
0.276523  
0.276594  
0.276584  
0.276520  
0.276501  
0.276522  
0.276504  
0.276525  
0.276496  
0.276511  
0.276470  
0.276555  
0.276519  
0.276523  
0.276474  
0.276512  
0.276467  
0.276464  
0.276502  
0.276490  
0.276443  
0.276436  
0.276467  
0.276451  
0.276457  
0.276443  
0.276472  
0.276449  
0.276472  
0.276442  
0.276427  
0.276497  
0.276420  
0.276480  
0.276422  
0.276490  
0.276409  
0.276468  
0.276477  
0.276435  
0.276448  
0.276411  
0.276416  
0.276433  
0.276446  
0.276505  
0.276514  
0.276468  
0.276471  
0.276471  
0.276481  
0.276438  
0.276442  
0.276488  
0.276510  
0.276467  
0.276469  
0.276519  
0.276503  
0.276464  
0.276469  
0.276521  
0.276522  
0.276472  
0.276543  
0.276501  
0.276507  
0.276558  
0.276497  
0.276556  
0.276566  
0.276524  
0.276527  
0.276592  
0.276603  
0.276567  
0.276576  
0.276533  
0.276524  
0.276588  
0.276601  
0.276562  
0.276521  
0.276589  
0.276605  
0.276574  
0.276588  
0.276575  
0.276600  
0.276572  
0.276594  
0.276564  
0.276581  
0.276561  
0.276590  
0.276567  
0.276553  
0.276542  
0.276577  
0.276565  
0.276500  
0.276520  
0.276565  
0.276561  
0.276507  
0.276501  
0.276555  
0.276561  
0.276515  
0.276519  
0.276571  
0.276561  
0.276526  
0.276539  
0.276504  
0.276514  
0.276540  
0.276564  
0.276538  
0.276559  
0.276532  
0.276494  
0.276478  
0.276510  
0.276494  
0.276526  
0.276524  
0.276471  
0.276467  
0.276512  
0.276486  
0.276445  
0.276455  
0.276515  
0.276427  
0.276443  
0.276468  
0.276446  
0.276472  
0.276451  
0.276509  
0.276502  
0.276447  
0.276442  
0.276485  
0.276487  
0.276448  
0.276457  
0.276518  
0.276499  
0.276475  
0.276501  
0.276480  
0.276510  
0.276489  
0.276480  
0.276477  
0.276523  
0.276519  
0.276490  
0.276504  
0.276567  
0.276483  
0.276549  
0.276566  
0.276550  
0.276584  
0.276570  
0.276507  
0.276572  
0.276525  
0.276529  
0.276584  
0.276528  
0.276599  
0.276621  
0.276594  
0.276619  
0.276595  
0.276650  
0.276641  
0.276583  
0.276574  
0.276608  
0.276616  
0.276573  
0.276582  
0.276642  
0.276621  
0.276597  
0.276624  
0.276602  
0.276564  
0.276558  
0.276605  
0.276603  
0.276553  
0.276555  
0.276630  
0.276548  
0.276618  
0.276539  
0.276595  
0.276533  
0.276622  
0.276562  
0.276554  
0.276560  
0.276569  
0.276529  
0.276542  
0.276530  
0.276561  
0.276543  
0.276576  
0.276562  
0.276600  
0.276507  
0.276562  
0.276569  
0.276527  
0.276536  
0.276591  
0.276517  
0.276495  
0.276524  
0.276505  
0.276508  
0.276506  
0.276555  
0.276556  
0.276509  
0.276562  
0.276532  
0.276554  
0.276528  
0.276464  
0.276456  
0.276501  
0.276498  
0.276447  
0.276437  
0.276506  
0.276427  
0.276501  
0.276427  
0.276471  
0.276517  
0.276515  
0.276465  
0.276467  
0.276465  
0.276487  
0.276460  
0.276485  
0.276469  
0.276514  
0.276511  
0.276461  
0.276463  
0.276501  
0.276523  
0.276497  
0.276524  
0.276503  
0.276535  
0.276594  
0.276544  
0.276545  
0.276598  
0.276540  
0.276610  
0.276632  
0.276605  
0.276631  
0.276622  
0.276565  
0.276558  
0.276603  
0.276578  
0.276641  
0.276556  
0.276623  
0.276641  
0.276567  
0.276604  
0.276592  
0.276632  
0.276625  
0.276601  
0.276611  
0.276572  
0.276585  
0.276550  
0.276576  
0.276558  
0.276591  
0.276576  
0.276585  
0.276587  
0.276542  
0.276548  
0.276606  
0.276565  
0.276541  
0.276569  
0.276549  
0.276580  
0.276562  
0.276538  
0.276537  
0.276588  
0.276589  
0.276546  
0.276564  
0.276534  
0.276554  
0.276527  
0.276532  
0.276521  
0.276562  
0.276555  
0.276499  
0.276553  
0.276515  
0.276528  
0.276491  
0.276508  
0.276510  
0.276443  
0.276527  
0.276463  
0.276448  
0.276501  
0.276506  
0.276463  
0.276472  
0.276433  
0.276433  
0.276510  
0.276440  
0.276419  
0.276501  
0.276498  
0.276446  
0.276446  
0.276496  
0.276428  
0.276495  
0.276514  
0.276485  
0.276507  
0.276485  
0.276524  
0.276514  
0.276455  
0.276448  
0.276474  
0.276481  
0.276442  
0.276452  
0.276458  
0.276486  
0.276465  
0.276497  
0.276479  
0.276532  
0.276531  
0.276482  
0.276582  
0.276534  
0.276534  
0.276601  
0.276519  
0.276585  
0.276563  
0.276544  
0.276576  
0.276558  
0.276590  
0.276573  
0.276556  
0.276552  
0.276597  
0.276591  
0.276646  
0.276556  
0.276612  
0.276619  
0.276576  
0.276571  
0.276640  
0.276561  
0.276628  
0.276549  
0.276582  
0.276614  
0.276595  
0.276528  
0.276535  
0.276579  
0.276573  
0.276519  
0.276513  
0.276556  
0.276565  
0.276523  
0.276528  
0.276581  
0.276564  
0.276532  
0.276549  
0.276515  
0.276528  
0.276493  
0.276574  
0.276550  
0.276474  
0.276546  
0.276498  
0.276483  
0.276514  
0.276496  
0.276527  
0.276512  
0.276456  
0.276447  
0.276487  
0.276443  
0.276494  
0.276496  
0.276446  
0.276447  
0.276437  
0.276449  
0.276507  
0.276418  
0.276476  
0.276500  
0.276470  
0.276486  
0.276453  
0.276465  
0.276519  
0.276446  
0.276514  
0.276535  
0.276458  
0.276487  
0.276467  
0.276492  
0.276467  
0.276489  
0.276501  
0.276531  
0.276512  
0.276535  
0.276515  
0.276549  
0.276534  
0.276562  
0.276542  
0.276548  
0.276536  
0.276569  
0.276552  
0.276579  
0.276558  
0.276551  
0.276535  
0.276565  
0.276542  
0.276591  
0.276577  
0.276605  
0.276581  
0.276602  
0.276575  
0.276600  
0.276573  
0.276594  
0.276560  
0.276647  
0.276617  
0.276632  
0.276594  
0.276602  
0.276607  
0.276618  
0.276578  
0.276579  
0.276542  
0.276550  
0.276601  
0.276598  
0.276544  
0.276523  
0.276570  
0.276563  
0.276505  
0.276537  
0.276577  
0.276570  
0.276506  
0.276488  
0.276513  
0.276518  
0.276545  
0.276519  
0.276536  
0.276494  
0.276513  
0.276479  
0.276487  
0.276538  
0.276505  
0.276557  
0.276556  
0.276502  
0.276490  
0.276464  
0.276547  
0.276483  
0.276460  
0.276479  
0.276457  
0.276476  
0.276536  
0.276449  
0.276471  
0.276478  
0.276527  
0.276522  
0.276465  
0.276448  
0.276434  
0.276511  
0.276440  
0.276504  
0.276437  
0.276499  
0.276508  
0.276464  
0.276460  
0.276487  
0.276482  
0.276516  
0.276497  
0.276471  
0.276451  
0.276471  
0.276530  
0.276537  
0.276489  
0.276515  
0.276465  
0.276547  
0.276482  
0.276544  
0.276569  
0.276540  
0.276550  
0.276506  
0.276500  
0.276514  
0.276597  
0.276532  
0.276528  
0.276551  
0.276613  
0.276620  
0.276572  
0.276563  
0.276599  
0.276583  
0.276605  
0.276571  
0.276573  
0.276595  
0.276590  
0.276622  
0.276597  
0.276609  
0.276612  
0.276616  
0.276654  
0.276637  
0.276573  
0.276639  
0.276558  
0.276604  
0.276594  
0.276603  
0.276585  
0.276603  
0.276565  
0.276562  
0.276550  
0.276539  
0.276563  
0.276530  
0.276533  
0.276590  
0.276583  
0.276519  
0.276581  
0.276566  
0.276527  
0.276521  
0.276551  
0.276524  
0.276531  
0.276537  
0.276533  
0.276562  
0.276534  
0.276555  
0.276516  
0.276508  
0.276535  
0.276504  
0.276496  
0.276543  
0.276533  
0.276467  
0.276472  
0.276483  
0.276526  
0.276513  
0.276443  
0.276495  
0.276514  
0.276462  
0.276443  
0.276456  
0.276484  
0.276482  
0.276512  
0.276484  
0.276488  
0.276480  
0.276470  
0.276490  
0.276453  
0.276447  
0.276489  
0.276467  
0.276476  
0.276516  
0.276498  
0.276499  
0.276464  
0.276547  
0.276485  
0.276490  
0.276499  
0.276538  
0.276518  
0.276529  
0.276492  
0.276574  
0.276510  
0.276563  
0.276558  
0.276564  
0.276541  
0.276547  
0.276582  
0.276558  
0.276603  
0.276559  
0.276630  
0.276641  
0.276594  
0.276585  
0.276603  
0.276647  
0.276632  
0.276618  
0.276664  
0.276653  
0.276672  
0.276630  
0.276613  
0.276662  
0.276622  
0.276606  
0.276621  
0.276657  
0.276649  
0.276661  
0.276617  
0.276597  
0.276572  
0.276617  
0.276595  
0.276604  
0.276569  
0.276552  
0.276565  
0.276598  
0.276572  
0.276570  
0.276595  
0.276573  
0.276569  
0.276595  
0.276556  
0.276599  
0.276537  
0.276580  
0.276561  
0.276582  
0.276542  
0.276522  
0.276521  
0.276550  
0.276500  
0.276503  
0.276525  
0.276572  
0.276555  
0.276519  
0.276560  
0.276541  
0.276546  
0.276487  
0.276544  
0.276537  
0.276476  
0.276512  
0.276466  
0.276471  
0.276507  
0.276478  
0.276469  
0.276485  
0.276476  
0.276461  
0.276464  
0.276492  
0.276455  
0.276526  
0.276458  
0.276497  
0.276472  
0.276511  
0.276450  
0.276495  
0.276476  
0.276483  
0.276521  
0.276492  
0.276482  
0.276490  
0.276500  
0.276480  
0.276479  
0.276496  
0.276533  
0.276508  
0.276541  
0.276567  
0.276525  
0.276507  
0.276580  
0.276527  
0.276572  
0.276550  
0.276551  
0.276616  
0.276575  
0.276559  
0.276554  
0.276573  
0.276616  
0.276598  
0.276592  
0.276597  
0.276625  
0.276651  
0.276643  
0.276646  
0.276580  
0.276617  
0.276619  
0.276614  
0.276625  
0.276569  
0.276607  
0.276594  
0.276592  
0.276609  
0.276564  
0.276569  
0.276562  
0.276573  
0.276595  
0.276551  
0.276536  
0.276536  
0.276546  
0.276568  
0.276529  
0.276560  
0.276558  
0.276573  
0.276516  
0.276560  
0.276557  
0.276553  
0.276560  
0.276507  
0.276522  
0.276506  
0.276494  
0.276500  
0.276518  
0.276501  
0.276472  
0.276461  
0.276461  
0.276473  
0.276495  
0.276467  
0.276519  
0.276514  
0.276472  
0.276497  
0.276456  
0.276503  
0.276485  
0.276479  
0.276496  
0.276519  
0.276477  
0.276520  
0.276474  
0.276472  
0.276481  
0.276494  
0.276525  
0.276504  
0.276489  
0.276479  
0.276480  
0.276492  
0.276496  
0.276530  
0.276509  
0.276491  
0.276484  
0.276506  
0.276529  
0.276475  
0.276513  
0.276481  
0.276528  
0.276526  
0.276527  
0.276539  
0.276513  
0.276549  
0.276522  
0.276573  
0.276562  
0.276550  
0.276562  
0.276578  
0.276533  
0.276564  
0.276570  
0.276550  
0.276606  
0.276601  
0.276605  
0.276613  
0.276631  
0.276587  
0.276618  
0.276615  
0.276588  
0.276643  
0.276629  
0.276626  
0.276626  
0.276635  
0.276655  
0.276600  
0.276626  
0.276584  
0.276592  
0.276633  
0.276614  
0.276590  
0.276588  
0.276585  
0.276585  
0.276588  
0.276595  
0.276581  
0.276540  
0.276564  
0.276529  
0.276561  
0.276543  
0.276519  
0.276506  
0.276557  
0.276526  
0.276523  
0.276523  
0.276527  
0.276535  
0.276494  
0.276508  
0.276534  
0.276487  
0.276519  
0.276480  
0.276499  
0.276532  
0.276508  
0.276480  
0.276468  
0.276519  
0.276499  
0.276489  
0.276476  
0.276512  
0.276504  
0.276499  
0.276491  
0.276493  
0.276503  
0.276446  
0.276450  
0.276450  
0.276432  
0.276447  
0.276457  
0.276472  
0.276490  
0.276443  
0.276468  
0.276482  
0.276442  
0.276457  
0.276460  
0.276480  
0.276505  
0.276468  
0.276485  
0.276522  
0.276480  
0.276506  
0.276528  
0.276489  
0.276487  
0.276511  
0.276530  
0.276554  
0.276509  
0.276532  
0.276549  
0.276507  
0.276524  
0.276537  
0.276520  
0.276531  
0.276545  
0.276547  
0.276551  
0.276559  
0.276562  
0.276561  
0.276556  
0.276584  
0.276577  
0.276565  
0.276557  
0.276599  
0.276580  
0.276557  
0.276600  
0.276568  
0.276560  
0.276588  
0.276550  
0.276569  
0.276584  
0.276541  
0.276544  
0.276551  
0.276547  
0.276545  
0.276558  
0.276546  
0.276530  
0.276570  
0.276546  
0.276557  
0.276523  
0.276552  
0.276501  
0.276514  
0.276532  
0.276535  
0.276534  
0.276528  
0.276491  
0.276535  
0.276509  
0.276487  
0.276503  
0.276475  
0.276490  
0.276494  
0.276502  
0.276499  
0.276520  
0.276507  
0.276491  
0.276519  
0.276487  
0.276500  
0.276515  
0.276461  
0.276460  
0.276505  
0.276516  
0.276493  
0.276467  
0.276486  
0.276492  
0.276494  
0.276491  
0.276484  
0.276466  
0.276447  
0.276476  
0.276438  
0.276452  
0.276456  
0.276448  
0.276474  
0.276449  
0.276476  
0.276445  
0.276451  
0.276459  
0.276455  
0.276494  
0.276476  
0.276469  
0.276489  
0.276499  
0.276497  
0.276484  
0.276517  
0.276488  
0.276510  
0.276522  
0.276522  
0.276524  
0.276508  
0.276534  
0.276548  
0.276540  
0.276538  
0.276525  
0.276554  
0.276528  
0.276541  
0.276542  
0.276584  
0.276563  
0.276582  
0.276571  
0.276573  
0.276564  
0.276587  
0.276555  
0.276561  
0.276606  
0.276597  
0.276568  
0.276578  
0.276592  
0.276586  
0.276568  
0.276589  
0.276540  
0.276571  
0.276556  
0.276579  
0.276542  
0.276536  
0.276525  
0.276552  
0.276511  
0.276518  
0.276523  
0.276506  
0.276528  
0.276531  
0.276524  
0.276492  
0.276510  
0.276517  
0.276515  
0.276494  
0.276471  
0.276474  
0.276467  
0.276497  
0.276461  
0.276487  
0.276483  
0.276461  
0.276467  
0.276458  
0.276450  
0.276470  
0.276434  
0.276426  
0.276458  
0.276429  
0.276436  
0.276425  
0.276451  
0.276439  
0.276434  
0.276420  
0.276442  
0.276446  
0.276428  
0.276447  
0.276420  
0.276456  
0.276438  
0.276457  
0.276463  
0.276441  
0.276419  
0.276434  
0.276427  
0.276447  
0.276458  
0.276452  
0.276462  
0.276427  
0.276462  
0.276446  
0.276456  
0.276461  
0.276443  
0.276459  
0.276458  
0.276483  
0.276475  
0.276472  
0.276502  
0.276507  
0.276497  
0.276525  
0.276494  
0.276530  
0.276517  
0.276527  
0.276518  
0.276543  
0.276551  
0.276542  
0.276578  
0.276581  
0.276567  
0.276577  
0.276570  
0.276579  
0.276584  
0.276580  
0.276590  
0.276592  
0.276615  
0.276579  
0.276566  
0.276586  
0.276579  
0.276575  
0.276580  
0.276568  
0.276587  
0.276560  
0.276544  
0.276550  
0.276541  
0.276554  
0.276543  
0.276531  
0.276532  
0.276527  
0.276535  
0.276541  
0.276524  
0.276529  
0.276509  
0.276520  
0.276533  
0.276509  
0.276507  
0.276527  
0.276495  
0.276503  
0.276510  
0.276501  
0.276477  
0.276473  
0.276487  
0.276487  
0.276473  
0.276480  
0.276474  
0.276484  
0.276479  
0.276461  
0.276454  
0.276446  
0.276451  
0.276468  
0.276471  
0.276459  
0.276458  
0.276483  
0.276451  
0.276483  
0.276457  
0.276444  
0.276454  
0.276451  
0.276467  
0.276461  
0.276445  
0.276474  
0.276457  
0.276450  
0.276448  
0.276444  
0.276460  
0.276463  
0.276445  
0.276466  
0.276451  
0.276447  
0.276462  
0.276466  
0.276487  
0.276484  
0.276469  
0.276505  
0.276488  
0.276490  
0.276507  
0.276503  
0.276518  
0.276511  
0.276534  
0.276529  
0.276543  
0.276536  
0.276538  
0.276548  
0.276550  
0.276571  
0.276570  
0.276573  
0.276573  
0.276553  
0.276570  
0.276575  
0.276567  
0.276565  
0.276552  
0.276575  
0.276559  
0.276558  
0.276563  
0.276556  
0.276548  
0.276551  
0.276545  
0.276556  
0.276548  
0.276547  
0.276536  
0.276559  
0.276541  
0.276530  
0.276535  
0.276551  
0.276549  
0.276536  
0.276522  
0.276533  
0.276521  
0.276515  
0.276526  
0.276518  
0.276527  
0.276521  
0.276513  
0.276496  
0.276495  
0.276492  
0.276493  
0.276482  
0.276486  
0.276473  
0.276476  
0.276474  
0.276461  
0.276463  
0.276470  
0.276464  
0.276466  
0.276450  
0.276451  
0.276448  
0.276441  
0.276442  
0.276450  
0.276441  
0.276438  
0.276430  
0.276444  
0.276429  
0.276441  
0.276438  
0.276441  
0.276432  
0.276449  
0.276451  
0.276437  
0.276448  
0.276449  
0.276434  
0.276446  
0.276444  
0.276450  
0.276442  
0.276448  
0.276451  
0.276440  
0.276448  
0.276452  
0.276460  
0.276465  
0.276466  
0.276485  
0.276481  
0.276482  
0.276497  
0.276499  
0.276500  
0.276507  
0.276499  
0.276515  
0.276525  
0.276518  
0.276532  
0.276533  
0.276550  
0.276537  
0.276554  
0.276559  
0.276558  
0.276564  
0.276558  
0.276566  
0.276568  
0.276558  
0.276569  
0.276570  
0.276575  
0.276582  
0.276578  
0.276567  
0.276574  
0.276574  
0.276572  
0.276563  
0.276566  
0.276568  
0.276558  
0.276552  
0.276540  
0.276545  
0.276543  
0.276541  
0.276532  
0.276536  
0.276529  
0.276522  
0.276517  
0.276517  
0.276518  
0.276518  
0.276508  
0.276512  
0.276509  
0.276505  
0.276512  
0.276500  
0.276500  
0.276494  
0.276494  
0.276497  
0.276492  
0.276479  
0.276485  
0.276473  
0.276473  
0.276466  
0.276473  
0.276475  
0.276472  
0.276471  
0.276463  
0.276458  
0.276458  
0.276453  
0.276461  
0.276462  
0.276456  
0.276452  
0.276465  
0.276452  
0.276461  
0.276463  
0.276464  
0.276466  
0.276469  
0.276457  
0.276466  
0.276463  
0.276453  
0.276455  
0.276460  
0.276455  
0.276459  
0.276459  
0.276459  
0.276465  
0.276459  
0.276473  
0.276472  
0.276467  
0.276472  
0.276482  
0.276487  
0.276489  
0.276493  
0.276506  
0.276505  
0.276512  
0.276520  
0.276521  
0.276528  
0.276533  
0.276545  
0.276550  
0.276552  
0.276561  
0.276562  
0.276575  
0.276579  
0.276580  
0.276586  
0.276590  
0.276592  
0.276599  
0.276598  
0.276604  
0.276600  
0.276603  
0.276602  
0.276599  
0.276603  
0.276597  
0.276596  
0.276593  
0.276592  
0.276585  
0.276581  
0.276579  
0.276568  
0.276572  
0.276560  
0.276561  
0.276553  
0.276547  
0.276543  
0.276545  
0.276540  
0.276537  
0.276537  
0.276534  
0.276532  
0.276522  
0.276523  
0.276516  
0.276515  
0.276517  
0.276510  
0.276515  
0.276512  
0.276511  
0.276506  
0.276502  
0.276499  
0.276489  
0.276488  
0.276486  
0.276484  
0.276475  
0.276478  
0.276467  
0.276468  
0.276462  
0.276458  
0.276454  
0.276458  
0.276455  
0.276454  
0.276455  
0.276454  
0.276454  
0.276446  
0.276450  
0.276456  
0.276457  
0.276452  
0.276458  
0.276456  
0.276452  
0.276459  
0.276458  
0.276459  
0.276463  
0.276461  
0.276474  
0.276468  
0.276476  
0.276485  
0.276486  
0.276494  
0.276493  
0.276505  
0.276508  
0.276511  
0.276513  
0.276517  
0.276523  
0.276530  
0.276534  
0.276539  
0.276545  
0.276553  
0.276554  
0.276566  
0.276563  
0.276571  
0.276570  
0.276574  
0.276580  
0.276577  
0.276586  
0.276586  
0.276587  
0.276585  
0.276592  
0.276591  
0.276592  
0.276591  
0.276587  
0.276595  
0.276592  
0.276592  
0.276587  
0.276592  
0.276588  
0.276584  
0.276582  
0.276582  
0.276575  
0.276569  
0.276563  
0.276562  
0.276563  
0.276555  
0.276547  
0.276551  
0.276547  
0.276537  
0.276538  
0.276529  
0.276533  
0.276525  
0.276525  
0.276523  
0.276525  
0.276516  
0.276512  
0.276509  
0.276505  
0.276503  
0.276501  
0.276500  
0.276493  
0.276496  
0.276490  
0.276484  
0.276485  
0.276484  
0.276473  
0.276472  
0.276470  
0.276465  
0.276459  
0.276455  
0.276460  
0.276452  
0.276453  
0.276446  
0.276448  
0.276451  
0.276446  
0.276452  
0.276451  
0.276449  
0.276446  
0.276454  
0.276456  
0.276448  
0.276450  
0.276453  
0.276459  
0.276454  
0.276460  
0.276455  
0.276456  
0.276456  
0.276465  
0.276464  
0.276463  
0.276466  
0.276468  
0.276472  
0.276475  
0.276479  
0.276490  
0.276498  
0.276494  
0.276501  
0.276505  
0.276516  
0.276523  
0.276531  
0.276538  
0.276543  
0.276547  
0.276544  
0.276548  
0.276551  
0.276555  
0.276559  
0.276561  
0.276563  
0.276572  
0.276567  
0.276569  
0.276576  
0.276573  
0.276579  
0.276575  
0.276580  
0.276572  
0.276574  
0.276573  
0.276577  
0.276576  
0.276571  
0.276564  
0.276566  
0.276559  
0.276558  
0.276556  
0.276551  
0.276544  
0.276542  
0.276535  
0.276532  
0.276528  
0.276523  
0.276517  
0.276510  
0.276510  
0.276507  
0.276498  
0.276493  
0.276498  
0.276489  
0.276488  
0.276485  
0.276482  
0.276485  
0.276478  
0.276474  
0.276474  
0.276478  
0.276472  
0.276469  
0.276469  
0.276465  
0.276467  
0.276466  
0.276463  
0.276466  
0.276468  
0.276467  
0.276462  
0.276465  
0.276469  
0.276467  
0.276472  
0.276473  
0.276469  
0.276471  
0.276471  
0.276471  
0.276475  
0.276472  
0.276481  
0.276474  
0.276474  
0.276479  
0.276482  
0.276483  
0.276478  
0.276480  
0.276486  
0.276482  
0.276493  
0.276486  
0.276490  
0.276497  
0.276497  
0.276499  
0.276508  
0.276511  
0.276518  
0.276522  
0.276524  
0.276532  
0.276543  
0.276549  
0.276554  
0.276562  
0.276564  
0.276573  
0.276581  
0.276586  
0.276596  
0.276598  
0.276604  
0.276605  
0.276609  
0.276609  
0.276612  
0.276609  
0.276609  
0.276617  
0.276614  
0.276615  
0.276610  
0.276612  
0.276614  
0.276609  
0.276607  
0.276605  
0.276605  
0.276604  
0.276593  
0.276594  
0.276589  
0.276587  
0.276586  
0.276581  
0.276576  
0.276571  
0.276564  
0.276557  
0.276553  
0.276549  
0.276541  
0.276537  
0.276535  
0.276533  
0.276522  
0.276526  
0.276523  
0.276520  
0.276506  
0.276505  
0.276502  
0.276506  
0.276499  
0.276495  
0.276491  
0.276485  
0.276485  
0.276474  
0.276472  
0.276464  
0.276462  
0.276458  
0.276449  
0.276443  
0.276443  
0.276438  
0.276437  
0.276422  
0.276421  
0.276422  
0.276412  
0.276411  
0.276411  
0.276410  
0.276404  
0.276408  
0.276408  
0.276398  
0.276407  
0.276402  
0.276401  
0.276401  
0.276396  
0.276400  
0.276395  
0.276399  
0.276393  
0.276396  
0.276391  
0.276391  
0.276391  
0.276391  
0.276396  
0.276399  
0.276396  
0.276398  
0.276401  
0.276403  
0.276406  
0.276414  
0.276418  
0.276423  
0.276423  
0.276427  
0.276432  
0.276437  
0.276442  
0.276446  
0.276447  
0.276447  
0.276446  
0.276449  
0.276454  
0.276453  
0.276456  
0.276460  
0.276459  
0.276460  
0.276460  
0.276468  
0.276463  
0.276467  
0.276471  
0.276476  
0.276471  
0.276475  
0.276470  
0.276480  
0.276480  
0.276475  
0.276484  
0.276474  
0.276480  
0.276484  
0.276479  
0.276483  
0.276480  
0.276476  
0.276485  
0.276477  
0.276482  
0.276482  
0.276480  
0.276491  
0.276485  
0.276493  
0.276492  
0.276500  
0.276505  
0.276509  
0.276504  
0.276510  
0.276516  
0.276516  
0.276525  
0.276530  
0.276529  
0.276530  
0.276536  
0.276541  
0.276546  
0.276546  
0.276552  
0.276557  
0.276563  
0.276568  
0.276570  
0.276568  
0.276576  
0.276583  
0.276583  
0.276588  
0.276598  
0.276603  
0.276614  
0.276623  
0.276626  
0.276638  
0.276646  
0.276655  
0.276662  
0.276671  
0.276685  
0.276694  
0.276703  
0.276713  
0.276727  
0.276728  
0.276743  
0.276758  
0.276765  
0.276776  
0.276787  
0.276805  
0.276814  
0.276819  
0.276833  
0.276848  
0.276872  
0.276882  
0.276893  
0.276913  
0.276924  
0.276938  
0.276956  
0.276969  
0.276981  
0.276995  
0.277004  
0.277014  
0.277023  
0.277024  
0.277032  
0.277034  
0.277039  
0.277039  
0.277034  
0.277039  
0.277029  
0.277025  
0.277019  
0.277015  
0.277008  
0.276995  
0.276988  
0.276973  
0.276966  
0.276945  
0.276933  
0.276926  
0.276903  
0.276889  
0.276873  
0.276852  
0.276836  
0.276820  
0.276798  
0.276775  
0.276759  
0.276736  
0.276714  
0.276684  
0.276667  
0.276637  
0.276616  
0.276589  
0.276568  
0.276545  
0.276526  
0.276501  
0.276476  
0.276453  
0.276423  
0.276401  
0.276371  
0.276349  
0.276328  
0.276292  
0.276272  
0.276245  
0.276225  
0.276188  
0.276169  
0.276137  
0.276113  
0.276090  
0.276062  
0.276026  
0.276005  
0.275979  
0.275959  
0.275926  
0.275901  
0.275870  
0.275845  
0.275815  
0.275792  
0.275762  
0.275734  
0.275712  
0.275678  
0.275648  
0.275628  
0.275596  
0.275570  
0.275538  
0.275502  
0.275472  
0.275449  
0.275418  
0.275383  
0.275355  
0.275328  
0.275294  
0.275261  
0.275233  
0.275202  
0.275172  
0.275143  
0.275116  
0.275087  
0.275056  
0.275028  
0.275009  
0.274987  
0.274956  
0.274941  
0.274916  
0.274903  
0.274887  
0.274885  
0.274880  
0.274874  
0.274873  
0.274870  
0.274882  
0.274885  
0.274903  
0.274920  
0.274936  
0.274959  
0.274989  
0.275018  
0.275040  
0.275081  
0.275115  
0.275157  
0.275197  
0.275237  
0.275288  
0.275326  
0.275378  
0.275428  
0.275478  
0.275532  
0.275588  
0.275642  
0.275696  
0.275757  
0.275816  
0.275876  
0.275943  
0.276002  
0.276061  
0.276122  
0.276197  
0.276266  
0.276329  
0.276407  
0.276479  
0.276553  
0.276628  
0.276705  
0.276791  
0.276864  
0.276945  
0.277028  
0.277120  
0.277201  
0.277297  
0.277380  
0.277472  
0.277563  
0.277653  
0.277745  
0.277847  
0.277938  
0.278036  
0.278133  
0.278232  
0.278334  
0.278439  
0.278541  
0.278639  
0.278747  
0.278858  
0.278958  
0.279071  
0.279172  
0.279282  
0.279389  
0.279507  
0.279613  
0.279725  
0.279841  
0.279946  
0.280064  
0.280179  
0.280291  
0.280402  
0.280524  
0.280642  
0.280754  
0.280879  
0.281002  
0.281124  
0.281244  
0.281371  
0.281496  
0.281618  
0.281744  
0.281868  
0.281997  
0.282116  
0.282232  
0.282336  
0.282431  
0.282518  
0.282602  
0.282668  
0.282720  
0.282763  
0.282793  
0.282806  
0.282809  
0.282795  
0.282757  
0.282715  
0.282655  
0.282584  
0.282503  
0.282410  
0.282293  
0.282173  
0.282035  
0.281902  
0.281749  
0.281581  
0.281418  
0.281238  
0.281057  
0.280860  
0.280659  
0.280455  
0.280241  
0.280023  
0.279797  
0.279568  
0.279336  
0.279093  
0.278854  
0.278596  
0.278349  
0.278083  
0.277818  
0.277557  
0.277281  
0.277005  
0.276717  
0.276436  
0.276141  
0.275843  
0.275552  
0.275245  
0.274938  
0.274621  
0.274307  
0.273983  
0.273657  
0.273327  
0.272993  
0.272662  
0.272319  
0.271980  
0.271621  
0.271275  
0.270919  
0.270563  
0.270203  
0.269843  
0.269476  
0.269101  
0.268733  
0.268364  
0.267981  
0.267604  
0.267223  
0.266834  
0.266455  
0.266064  
0.265671  
0.265277  
0.264884  
0.264487  
0.264085  
0.263684  
0.263280  
0.262875  
0.262473  
0.262068  
0.261650  
0.261240  
0.260830  
0.260409  
0.259995  
0.259572  
0.259154  
0.258727  
0.258301  
0.257862  
0.257437  
0.257011  
0.256592  
0.256180  
0.255790  
0.255419  
0.255086  
0.254775  
0.254513  
0.254287  
0.254107  
0.253982  
0.253897  
0.253869  
0.253894  
0.253976  
0.254103  
0.254289  
0.254522  
0.254807  
0.255136  
0.255513  
0.255928  
0.256386  
0.256876  
0.257413  
0.257975  
0.258571  
0.259197  
0.259846  
0.260525  
0.261228  
0.261955  
0.262698  
0.263464  
0.264259  
0.265056  
0.265884  
0.266729  
0.267587  
0.268467  
0.269358  
0.270274  
0.271200  
0.272138  
0.273100  
0.274086  
0.275073  
0.276084  
0.277118  
0.278158  
0.279221  
0.280295  
0.281381  
0.282488  
0.283613  
0.284744  
0.285887  
0.287052  
0.288232  
0.289417  
0.290626  
0.291840  
0.293071  
0.294302  
0.295555  
0.296814  
0.298088  
0.299358  
0.300645  
0.301946  
0.303243  
0.304550  
0.305863  
0.307188  
0.308510  
0.309850  
0.311193  
0.312529  
0.313877  
0.315235  
0.316588  
0.317952  
0.319312  
0.320686  
0.322052  
0.323424  
0.324803  
0.326190  
0.327567  
0.328954  
0.330347  
0.331734  
0.333132  
0.334526  
0.335932  
0.337334  
0.338742  
0.340153  
0.341567  
0.342957  
0.344327  
0.345661  
0.346929  
0.348124  
0.349239  
0.350256  
0.351153  
0.351933  
0.352585  
0.353097  
0.353462  
0.353677  
0.353748  
0.353653  
0.353416  
0.353017  
0.352463  
0.351760  
0.350909  
0.349909  
0.348768  
0.347488  
0.346058  
0.344507  
0.342816  
0.340995  
0.339047  
0.336988  
0.334802  
0.332509  
0.330101  
0.327587  
0.324980  
0.322270  
0.319477  
0.316585  
0.313615  
0.310562  
0.307439  
0.304239  
0.300972  
0.297641  
0.294247  
0.290795  
0.287288  
0.283727  
0.280116  
0.276457  
0.272752  
0.269004  
0.265213  
0.261381  
0.257510  
0.253599  
0.249648  
0.245657  
0.241628  
0.237559  
0.233450  
0.229299  
0.225107  
0.220871  
0.216589  
0.212261  
0.207885  
0.203459  
0.198980  
0.194446  
0.189856  
0.185208  
0.180497  
0.175725  
0.170888  
0.165984  
0.161012  
0.155970  
0.150855  
0.145669  
0.140408  
0.135073  
0.129662  
0.124174  
0.118609  
0.112967  
0.107247  
0.101451  
0.095580  
0.089634  
0.083614  
0.077522  
0.071356  
0.065117  
0.058802  
0.052414  
0.045954  
0.039420  
0.032802  
0.026094  
0.019326  
0.012549  
0.005823  
-0.000794  
-0.007247  
-0.013483  
-0.019451  
-0.025083  
-0.030291  
-0.034951  
-0.038924  
-0.042095  
-0.044427  
-0.045940  
-0.046667  
-0.046641  
-0.045901  
-0.044493  
-0.042460  
-0.039851  
-0.036709  
-0.033071  
-0.028970  
-0.024444  
-0.019526  
-0.014254  
-0.008661  
-0.002785  
0.003340  
0.009680  
0.016201  
0.022876  
0.029674  
0.036564  
0.043519  
0.050511  
0.057513  
0.064505  
0.071462  
0.078361  
0.085185  
0.091910  
0.098518  
0.104993  
0.111317  
0.117475  
0.123451  
0.129231  
0.134803  
0.140156  
0.145277  
0.150157  
0.154789  
0.159163  
0.163274  
0.167116  
0.170683  
0.173972  
0.176980  
0.179702  
0.182142  
0.184293  
0.186154  
0.187726  
0.189010  
0.190000  
0.190699  
0.191103  
0.191211  
0.191028  
0.190545  
0.189767  
0.188697  
0.187336  
0.185685  
0.183753  
0.181541  
0.179056  
0.176301  
0.173283  
0.170010  
0.166486  
0.162720  
0.158717  
0.154485  
0.150029  
0.145357  
0.140479  
0.135398  
0.130125  
0.124668  
0.119034  
0.113232  
0.107271  
0.101157  
0.094900  
0.088509  
0.081991  
0.075355  
0.068611  
0.061766  
0.054839  
0.047859  
0.040860  
0.033866  
0.026905  
0.020009  
0.013207  
0.006528  
0.000004  
-0.006332  
-0.012446  
-0.018307  
-0.023881  
-0.029133  
-0.034033  
-0.038550  
-0.042652  
-0.046306  
-0.049484  
-0.052154  
-0.054283  
-0.055842  
-0.056802  
-0.057139  
-0.056843  
-0.055910  
-0.054350  
-0.052196  
-0.049502  
-0.046339  
-0.042785  
-0.038932  
-0.034877  
-0.030712  
-0.026523  
-0.022391  
-0.018381  
-0.014557  
-0.010973  
-0.007703  
-0.004858  
-0.002586  
-0.001032  
-0.000275  
-0.000323  
-0.001146  
-0.002703  
-0.004949  
-0.007843  
-0.011349  
-0.015433  
-0.020054  
-0.025173  
-0.030747  
-0.036735  
-0.043096  
